21.00;31.00;289.00
20.00;32.00;288.00
21.00;32.00;288.00
21.00;32.00;289.00
20.00;31.00;288.00
22.00;31.00;288.00
21.00;32.00;289.00
21.00;32.00;288.00
20.00;32.00;290.00
21.00;31.00;289.00
22.00;31.00;289.00
21.00;32.00;290.00
21.00;32.00;288.00
20.00;32.00;290.00
20.00;33.00;289.00
20.00;32.00;291.00
21.00;32.00;289.00
20.00;32.00;289.00
19.00;31.00;289.00
22.00;31.00;289.00
21.00;32.00;289.00
21.00;31.00;289.00
22.00;31.00;289.00
21.00;31.00;289.00
20.00;33.00;289.00
20.00;32.00;289.00
20.00;32.00;288.00
21.00;31.00;289.00
20.00;32.00;288.00
21.00;32.00;287.00
20.00;32.00;288.00
22.00;32.00;288.00
22.00;32.00;289.00
21.00;30.00;290.00
21.00;31.00;290.00
20.00;33.00;287.00
20.00;32.00;290.00
21.00;31.00;290.00
20.00;32.00;288.00
20.00;31.00;289.00
20.00;33.00;288.00
21.00;31.00;289.00
20.00;33.00;289.00
21.00;32.00;289.00
20.00;32.00;287.00
22.00;31.00;289.00
20.00;32.00;288.00
21.00;32.00;288.00
22.00;31.00;288.00
22.00;32.00;289.00
21.00;31.00;287.00
21.00;32.00;288.00
21.00;31.00;289.00
22.00;31.00;287.00
20.00;32.00;288.00
21.00;32.00;289.00
21.00;32.00;288.00
22.00;31.00;289.00
21.00;31.00;287.00
21.00;31.00;289.00
21.00;32.00;288.00
21.00;31.00;287.00
19.00;32.00;289.00
21.00;32.00;289.00
20.00;31.00;289.00
22.00;31.00;289.00
21.00;32.00;288.00
21.00;32.00;288.00
21.00;31.00;289.00
21.00;31.00;289.00
21.00;33.00;290.00
21.00;31.00;289.00
21.00;31.00;290.00
20.00;32.00;288.00
20.00;31.00;289.00
21.00;32.00;289.00
19.00;33.00;288.00
21.00;32.00;288.00
21.00;32.00;288.00
23.00;31.00;289.00
22.00;31.00;289.00
22.00;31.00;289.00
21.00;31.00;289.00
20.00;31.00;288.00
21.00;31.00;287.00
21.00;33.00;288.00
21.00;30.00;289.00
21.00;31.00;288.00
20.00;32.00;289.00
20.00;31.00;288.00
20.00;31.00;288.00
21.00;31.00;289.00
21.00;32.00;288.00
20.00;32.00;289.00
21.00;32.00;288.00
21.00;31.00;288.00
21.00;31.00;288.00
21.00;31.00;288.00
20.00;32.00;289.00
20.00;32.00;287.00
20.00;33.00;289.00
21.00;31.00;290.00
22.00;31.00;288.00
20.00;32.00;288.00
20.00;32.00;289.00
21.00;31.00;289.00
21.00;32.00;289.00
20.00;31.00;288.00
21.00;32.00;289.00
21.00;32.00;288.00
22.00;31.00;288.00
22.00;31.00;288.00
22.00;31.00;289.00
21.00;31.00;290.00
21.00;32.00;288.00
21.00;31.00;289.00
21.00;33.00;289.00
21.00;32.00;288.00
21.00;33.00;290.00
20.00;32.00;288.00
20.00;33.00;289.00
19.00;32.00;287.00
20.00;32.00;289.00
22.00;32.00;290.00
22.00;31.00;288.00
20.00;32.00;289.00
21.00;32.00;290.00
21.00;32.00;290.00
21.00;31.00;289.00
22.00;30.00;290.00
22.00;31.00;290.00
21.00;31.00;289.00
22.00;31.00;288.00
21.00;32.00;288.00
21.00;31.00;289.00
22.00;31.00;289.00
21.00;31.00;290.00
21.00;32.00;288.00
21.00;32.00;290.00
21.00;31.00;288.00
21.00;32.00;287.00
22.00;32.00;289.00
21.00;32.00;289.00
21.00;31.00;289.00
21.00;31.00;290.00
20.00;31.00;289.00
20.00;33.00;289.00
21.00;33.00;289.00
22.00;31.00;289.00
21.00;33.00;288.00
21.00;31.00;290.00
22.00;32.00;289.00
21.00;31.00;289.00
21.00;32.00;289.00
22.00;31.00;288.00
20.00;31.00;288.00
21.00;31.00;288.00
21.00;32.00;288.00
22.00;32.00;288.00
20.00;32.00;288.00
21.00;32.00;290.00
21.00;31.00;289.00
21.00;32.00;290.00
20.00;32.00;288.00
20.00;32.00;291.00
21.00;31.00;288.00
22.00;31.00;288.00
22.00;32.00;289.00
21.00;31.00;289.00
21.00;32.00;288.00
21.00;31.00;288.00
21.00;32.00;287.00
20.00;32.00;288.00
21.00;32.00;290.00
21.00;31.00;289.00
21.00;32.00;290.00
21.00;32.00;289.00
21.00;31.00;289.00
21.00;31.00;288.00
21.00;31.00;288.00
20.00;32.00;288.00
21.00;33.00;288.00
20.00;32.00;287.00
20.00;32.00;289.00
21.00;31.00;288.00
22.00;31.00;288.00
22.00;31.00;289.00
22.00;30.00;289.00
22.00;31.00;288.00
21.00;31.00;289.00
21.00;32.00;288.00
21.00;33.00;289.00
21.00;31.00;288.00
22.00;31.00;288.00
20.00;33.00;289.00
20.00;32.00;289.00
21.00;32.00;288.00
21.00;31.00;289.00
21.00;33.00;289.00
21.00;32.00;288.00
21.00;32.00;291.00
20.00;32.00;288.00
20.00;32.00;288.00
23.00;31.00;288.00
22.00;32.00;290.00
20.00;32.00;290.00
20.00;32.00;290.00
22.00;31.00;290.00
22.00;32.00;289.00
20.00;32.00;289.00
20.00;31.00;289.00
21.00;32.00;289.00
21.00;31.00;289.00
21.00;32.00;288.00
20.00;31.00;288.00
20.00;32.00;288.00
22.00;31.00;289.00
21.00;33.00;289.00
21.00;33.00;288.00
21.00;32.00;291.00
