0 0 -0.6 1 0 0 0 0 0 -0.1
-0.0408905 -0.000818965 -0.603345 1 0 0 0 0.0333333 0 -0.1
-0.0399693 -0.00097683 -0.606669 1 0.000144185 0 0 0.0666667 -4.90669e-05 -0.1
-0.0379536 -0.00116984 -0.609988 1 0.000284408 0 0 0.1 -0.000197115 -0.1
-0.0347581 -0.00138094 -0.613302 1 0.000432563 0 0 0.133333 -0.000331578 -0.1
-0.0303004 -0.00160879 -0.616609 1 0.000589028 0 0 0.166667 -0.000447024 -0.1
-0.0246185 -0.0018529 -0.619909 1 0.000755067 0 0 0.2 -0.000547075 -0.1
-0.0177524 -0.00211415 -0.623201 1 0.000931091 0 0 0.233333 -0.000642281 -0.1
-0.00963095 -0.00260942 -0.625395 0.999999 0.00112919 0 0 0.266667 -0.0007318 -0.1
-0.000226821 -0.00429931 -0.628102 0.999999 0.00135234 0 0 0.3 -0.000816774 -0.1
0.0108544 -0.00462413 -0.63136 0.999999 0.00155399 0 0 0.333333 -0.00098987 -0.1
0.0232936 -0.00496208 -0.63461 0.999998 0.0017621 0 0 0.366667 -0.00115961 -0.1
0.0371465 -0.00528759 -0.638001 0.999998 0.00197963 0 0 0.4 -0.00135245 -0.1
0.0524765 -0.00670444 -0.640215 0.999998 0.00221237 0 0 0.433333 -0.00158116 -0.1
0.0694192 -0.00305343 -0.643948 0.999997 0.00236197 0 0 0.466667 -0.00186492 -0.1
0.0880122 -0.000615424 -0.647673 0.999997 0.0024508 0 0 0.5 -0.00221152 -0.1


