0 0 -0.6 1 0 0 0 0 0 0
-0.0396956 -0.000793892 -0.600011 1 0 0 0 0 0.0333333 0
-0.039905 0.000184093 -0.600003 1 0.000123611 0 0 0 0.066624 0
0.0401172 0.00229064 -0.599993 1 0.000227238 0 0 0 0.099913 0
-0.0403329 0.00553809 -0.599984 1 0.000298927 0 0 0 0.133199 0
-0.040616 0.0099221 -0.59998 1 0.000320827 0 0 0 0.166341 0
-0.0409059 0.015472 -0.599987 1 0.000288746 0 0 0 0.199474 0
-0.0411411 0.0222136 -0.600011 1 0.000185 0 0 0 0.232733 0
-0.041381 0.0302067 -0.601294 1 -5.3634e-06 0 0 0 0.265968 0
-0.0416953 0.0414303 -0.602244 1 -0.000312723 0 0 0 0.299029 0
-0.0420264 0.0525701 -0.602666 1 -0.000732558 0 0 0 0.332056 0
-0.0423871 0.0655392 -0.603471 0.999999 -0.00127433 0 0 0 0.365045 0
-0.0427734 0.0782784 -0.604325 0.999998 -0.00196434 0 0 0 0.397982 0
-0.0431961 0.094933 -0.60526 0.999996 -0.00288602 0 0 0 0.430831 0
-0.043662 0.113345 -0.606471 0.999993 -0.0040404 0 0 0 0.463587 0
-0.0441682 0.140405 -0.613464 0.999986 -0.00552325 0 0 0 0.496198 0
