8601	0.04	-179.93	-1.76	-94.65	0.01	179.63	1.81	-1.25
8700	0.04	179.85	1.84	-45.39	0.02	-179.92	-1.78	-33.30
8801	0.04	-179.93	-1.76	-70.02	0.02	179.86	1.82	5.73
8901	0.03	179.85	1.83	-23.37	0.01	179.86	1.81	38.24
9000	0.00	-179.93	-1.80	-53.19	0.02	179.63	1.82	65.16
9100	0.02	-179.93	-1.78	-77.76	0.01	-179.92	-1.79	17.62
9200	0.03	-179.93	-1.77	-97.94	-0.00	179.86	1.79	49.66
9299	0.03	179.62	1.83	-42.11	-0.00	179.86	1.79	75.84
9400	0.01	-179.93	-1.79	-70.34	-0.00	-179.92	-1.80	23.50
9500	0.01	-179.71	-1.79	-93.11	-0.01	179.86	1.79	56.05
9600	0.04	-179.93	-1.75	-111.47	-0.01	179.86	1.79	82.26
9700	0.02	-179.71	-1.77	-126.17	-0.01	-179.92	-1.81	25.84
9800	-0.01	-179.93	-1.81	-137.95	0.01	-179.69	-1.79	-19.10
9901	0.00	-179.93	-1.80	-147.27	0.01	-179.92	-1.79	-54.83
10000	0.03	-179.93	-1.77	-154.62	0.00	-179.92	-1.80	-83.06
10099	0.02	-179.93	-1.77	-160.42	0.01	179.64	1.80	-22.88
10201	-0.00	-179.93	-1.80	-164.98	-0.00	-179.92	-1.80	-59.39
10300	-0.01	-179.71	-1.81	-168.45	-0.00	-179.92	-1.80	-87.82
10401	0.01	-179.71	-1.78	-171.13	-0.01	-179.92	-1.81	-109.86
10501	-0.00	-179.93	-1.80	-173.28	-0.01	-179.92	-1.81	-126.86
10602	-0.03	-179.93	-1.83	-174.93	-0.00	-179.92	-1.80	-139.90
10701	-0.01	-179.93	-1.81	-176.17	0.01	-179.69	-1.78	-149.81
10803	0.01	179.85	1.81	-86.22	0.01	-179.92	-1.79	-157.42
10902	0.00	-179.93	-1.80	-110.21	0.01	-179.92	-1.79	-163.18
11003	-0.02	179.85	1.78	-35.04	0.00	179.86	1.80	-74.26
11102	-0.01	-179.93	-1.81	-73.06	0.01	179.86	1.81	-7.56
11202	0.02	179.85	1.82	-5.84	-0.00	-179.69	-1.80	-53.31
11302	0.00	-179.93	-1.80	-52.67	0.00	179.86	1.80	9.41
11401	-0.00	179.85	1.80	10.61	0.01	-179.92	-1.79	-42.12
11501	0.02	179.85	1.82	57.23	0.00	179.86	1.80	19.01
11601	0.05	179.85	1.86	91.42	0.00	-179.92	-1.80	-36.41
11700	0.03	-179.93	-1.76	14.95	0.02	-179.92	-1.77	-76.83
11801	0.04	-179.93	-1.75	-40.58	0.03	179.63	1.83	-3.75
11901	0.06	-179.93	-1.73	-80.71	0.04	179.86	1.85	49.15
12000	0.07	-179.71	-1.72	-109.53	0.05	-179.92	-1.74	-17.55
12101	0.04	-179.93	-1.75	-130.27	0.04	-179.92	-1.75	-65.34
12200	0.04	-179.93	-1.75	-145.04	0.05	-179.69	-1.74	-99.35
12301	0.07	-179.93	-1.73	-155.51	0.05	179.86	1.85	-15.44
12400	0.05	-179.93	-1.74	-162.93	0.04	179.64	1.84	43.78
12500	0.03	179.85	1.83	-57.83	0.06	179.86	1.87	85.52
12600	0.04	-179.93	-1.76	-95.64	0.07	-179.92	-1.72	3.32
12699	0.06	-179.71	-1.73	-121.92	0.07	179.86	1.87	58.53
12801	0.05	-179.71	-1.75	-140.17	0.07	-179.92	-1.72	-16.76
12899	0.03	179.85	1.83	-38.19	0.07	-179.92	-1.72	-68.76
13000	0.04	-179.93	-1.75	-83.78	0.08	-179.92	-1.72	-104.52
13100	0.06	-179.93	-1.73	-114.98	0.06	179.86	1.87	-12.19
13199	0.06	179.85	1.86	-18.39	0.07	179.86	1.87	50.74
13299	0.03	-179.93	-1.77	-71.81	0.08	179.86	1.89	93.43
13399	0.05	-179.71	-1.74	-107.78	0.07	179.86	1.88	122.25
13499	0.07	-179.71	-1.72	-131.96	0.08	-179.92	-1.71	20.60
13598	0.06	-179.93	-1.73	-148.25	0.09	-179.92	-1.70	-47.44
13700	0.03	-179.93	-1.76	-159.11	0.09	179.86	1.89	30.35
13799	0.05	-179.93	-1.75	-166.28	0.09	-179.92	-1.70	-42.21
13899	0.07	-179.93	-1.72	-171.02	0.07	179.86	1.88	35.05
13999	0.06	179.85	1.86	-47.95	0.08	179.86	1.89	85.85
14099	0.04	-179.93	-1.75	-94.63	0.09	179.86	1.90	119.10
14199	0.06	-179.93	-1.74	-125.02	0.08	179.41	1.88	140.59
14299	0.08	-179.93	-1.71	-144.73	0.08	-179.92	-1.71	25.45
14400	0.06	179.85	1.86	-27.24	0.08	-179.92	-1.71	-48.90
14499	0.04	-179.93	-1.76	-82.96	0.09	-179.69	-1.70	-96.61
14600	0.06	179.85	1.86	13.65	0.09	179.86	1.90	5.02
14700	0.08	-179.93	-1.71	-58.02	0.08	-179.69	-1.70	-63.39
14799	0.07	-179.93	-1.73	-103.51	0.08	-179.92	-1.71	-106.86
14901	0.05	-179.93	-1.74	-132.23	0.09	179.86	1.90	0.88
15000	0.06	179.85	1.87	-14.11	0.10	-179.92	-1.69	-67.54
15100	0.08	179.85	1.88	59.83	0.10	179.63	1.91	26.68
15200	0.06	-179.71	-1.73	-32.13	0.11	179.86	1.92	85.48
15299	0.05	-179.93	-1.75	-89.26	0.12	-179.92	-1.67	-17.10
15400	0.06	-179.93	-1.73	-124.54	0.12	179.86	1.93	59.55
15499	0.08	179.85	1.88	-5.27	0.11	-179.92	-1.68	-34.28
15600	0.06	-179.93	-1.74	-74.18	0.11	-179.92	-1.68	-91.73
15700	0.04	179.85	1.85	26.68	0.11	179.86	1.92	16.11
15799	0.07	-179.93	-1.73	-55.88	0.10	179.86	1.91	81.55
15900	0.07	-179.93	-1.72	-105.78	0.12	-179.92	-1.67	-23.62
16000	0.05	179.85	1.85	9.84	0.11	-179.92	-1.68	-86.90
16100	0.05	-179.71	-1.75	-67.38	0.12	179.63	1.92	21.69
16200	0.06	-179.93	-1.73	-113.52	0.12	-179.92	-1.67	-60.96
16301	0.08	179.62	1.88	7.42	0.10	179.86	1.91	38.37
16400	0.04	-179.71	-1.75	-70.27	0.12	-179.92	-1.67	-52.22
16499	0.02	-179.93	-1.78	-116.07	0.12	179.86	1.93	44.69
16600	0.04	-179.93	-1.75	-142.88	0.11	-179.92	-1.68	-49.67
16698	0.05	-179.93	-1.74	-158.53	0.12	179.86	1.93	47.33
16798	0.02	-179.93	-1.77	-167.64	0.11	-179.92	-1.68	-49.26
16899	0.01	179.85	1.81	-19.10	0.12	179.63	1.93	48.60
16999	0.05	-179.93	-1.75	-88.23	0.11	179.86	1.92	105.03
17099	0.06	-179.93	-1.73	-127.87	0.10	179.63	1.90	137.28
17199	-0.05	-179.93	-1.85	-150.57	0.18	-179.25	-1.60	-0.32
17300	-0.03	179.84	1.77	-6.08	0.12	179.41	1.92	78.24
17400	-0.05	179.84	1.75	75.66	0.13	179.86	1.94	122.93
17501	-0.06	-179.71	-1.86	-37.24	0.17	-179.69	-1.61	-10.83
17601	-0.04	179.84	1.75	59.26	0.13	179.86	1.94	73.90
17700	-0.10	-179.93	-1.90	-47.65	0.15	-179.92	-1.64	-39.51
17802	-0.05	-179.71	-1.86	-106.95	0.17	-179.69	-1.62	-102.47
17901	-0.08	179.85	1.71	22.54	0.15	-179.69	-1.64	-137.35
18001	-0.01	-179.93	-1.81	-69.32	0.15	-179.92	-1.64	-156.67
18100	-0.07	-179.93	-1.87	-119.81	0.17	-179.92	-1.62	-167.26
18200	-0.03	179.40	1.76	17.40	0.16	-179.92	-1.63	-173.07
18299	-0.05	-179.93	-1.85	-73.55	0.16	179.86	1.97	-10.43
18399	-0.01	-179.71	-1.81	-122.69	0.16	179.86	1.97	77.70
18499	-0.03	-179.71	-1.84	-149.24	0.16	179.86	1.98	125.25
18599	-0.06	179.85	1.74	4.66	0.16	-179.92	-1.63	-17.48
18699	-0.08	-179.71	-1.88	-81.99	0.16	179.86	1.97	75.26
18798	-0.07	-179.93	-1.88	-128.24	0.16	179.86	1.97	124.65
18899	-0.07	-179.93	-1.87	-152.76	0.15	-179.92	-1.64	-19.85
18998	-0.05	-179.93	-1.86	-165.70	0.14	179.63	1.94	75.23
19099	-0.08	-179.93	-1.89	-172.53	0.16	179.86	1.97	125.35
19198	-0.10	-179.93	-1.91	-176.10	0.16	-179.92	-1.63	-21.51
19299	-0.06	-179.93	-1.87	-177.93	0.16	-179.92	-1.63	-98.07
19398	-0.07	179.84	1.72	-4.25	0.16	-179.92	-1.62	-137.80
19500	-0.06	-179.93	-1.87	-89.91	0.15	-179.92	-1.64	-158.34
19598	-0.08	179.84	1.71	42.21	0.15	-179.92	-1.63	-168.91
19698	-0.04	-179.93	-1.84	-67.06	0.15	-179.69	-1.64	-174.22
19798	-0.06	-179.93	-1.87	-122.84	0.14	-179.92	-1.65	-177.04
19897	-0.07	-179.93	-1.87	-151.17	0.14	179.86	1.95	0.06
19997	-0.07	-179.93	-1.87	-165.50	0.14	179.63	1.95	89.55
20098	-0.02	179.85	1.78	7.35	0.13	179.86	1.94	134.74
20197	-0.04	179.85	1.76	94.03	0.12	179.86	1.93	157.41
20296	-0.04	-179.71	-1.85	-44.11	0.11	179.86	1.92	168.74
20398	-0.03	179.85	1.77	69.38	0.12	-179.92	-1.66	-7.93
20498	-0.01	-179.93	-1.81	-57.46	0.11	179.63	1.92	87.50
20598	-0.01	179.85	1.79	63.77	0.10	179.86	1.91	134.68
20699	-0.04	179.85	1.76	123.29	0.10	-179.92	-1.69	-26.68
20798	-0.03	179.85	1.77	152.42	0.10	-179.92	-1.69	-105.59
20899	-0.01	179.85	1.79	166.61	0.10	179.86	1.90	41.98
20999	-0.01	-179.93	-1.81	-13.24	0.10	179.86	1.90	113.54
21099	-0.04	179.85	1.76	87.34	0.09	179.86	1.89	148.09
21199	-0.03	-179.93	-1.83	-52.43	0.09	179.86	1.89	164.70
21300	-0.00	-179.93	-1.80	-119.36	0.08	-179.92	-1.71	-16.22
21400	-0.02	179.85	1.77	38.30	0.08	179.86	1.89	87.11
21499	-0.03	-179.93	-1.83	-77.13	0.09	179.64	1.89	136.05
21600	-0.02	-179.93	-1.82	-131.70	0.09	-179.69	-1.70	-31.57
21699	-0.00	-179.93	-1.80	-157.39	0.09	179.86	1.89	81.08
21799	-0.01	179.85	1.78	22.95	0.09	179.86	1.90	133.91
21899	-0.03	179.85	1.76	107.15	0.10	-179.92	-1.69	-34.52
21999	-0.01	-179.93	-1.81	-47.47	0.09	179.64	1.90	80.83
22099	0.01	-179.93	-1.79	-119.06	0.09	179.64	1.90	134.24
22198	-0.01	179.85	1.79	43.07	0.10	179.86	1.91	158.99
22299	-0.03	-179.93	-1.83	-78.33	0.10	179.86	1.91	170.35
22398	-0.01	-179.93	-1.81	-133.82	0.10	179.86	1.91	175.54
22499	0.01	-179.71	-1.79	-158.96	0.09	179.86	1.90	177.91
22598	-0.01	-179.93	-1.81	-170.50	0.09	179.86	1.90	178.98
22700	-0.02	179.85	1.77	22.82	0.10	179.86	1.90	179.47
22798	0.01	179.85	1.80	109.78	0.09	179.64	1.89	179.56
22898	0.02	-179.93	-1.78	-51.15	0.09	179.86	1.90	179.73
22999	-0.01	-179.71	-1.80	-122.81	0.10	179.86	1.90	179.80
23098	-0.01	-179.93	-1.81	-154.75	0.09	179.64	1.89	179.71
23198	0.01	179.85	1.81	32.96	0.08	-179.92	-1.71	-22.04
23298	0.02	-179.93	-1.77	-86.85	0.09	179.86	1.90	91.59
23399	-0.00	-179.93	-1.80	-139.41	0.10	179.86	1.90	141.43
23498	-0.04	-179.93	-1.84	-162.37	0.10	179.86	1.90	163.19
23599	-0.00	-179.93	-1.80	-172.33	0.09	-179.92	-1.70	-31.74
23698	-0.00	-179.93	-1.80	-176.66	0.08	179.86	1.89	88.85
23798	-0.02	-179.93	-1.82	-178.54	0.09	179.86	1.90	140.88
23898	-0.03	-179.93	-1.83	-179.34	0.09	-179.92	-1.70	-43.07
23998	0.03	-179.93	-1.76	-179.65	0.08	179.86	1.89	85.14
24098	0.03	179.85	1.84	27.74	0.08	-179.92	-1.71	-67.77
24198	-0.01	-179.93	-1.81	-92.44	0.08	-179.92	-1.71	-132.66
24299	-0.14	179.62	1.65	65.39	0.11	179.86	1.92	48.72
24398	-0.08	-179.93	-1.89	-77.37	0.09	179.86	1.89	125.04
24499	-0.06	179.85	1.73	72.78	0.08	-179.92	-1.71	-52.98
24599	-0.10	-179.93	-1.91	-75.18	0.10	-179.92	-1.69	-127.28
24699	-0.11	179.85	1.67	74.54	0.09	179.86	1.90	53.04
24800	-0.09	179.85	1.70	136.55	0.10	-179.92	-1.69	-84.12
24899	-0.09	-179.93	-1.90	-50.31	0.09	179.86	1.90	71.74
25000	-0.11	-179.93	-1.91	-127.07	0.10	179.86	1.91	135.76
25099	0.03	-179.71	-1.77	-158.27	0.08	179.86	1.89	161.94
25199	-0.00	-179.93	-1.80	-171.18	0.10	-179.92	-1.69	-41.60
25298	0.04	179.85	1.84	38.41	0.08	179.86	1.89	90.61
25398	0.02	-179.93	-1.78	-92.31	0.10	179.86	1.90	144.05
25498	0.00	179.85	1.80	71.05	0.09	179.86	1.90	165.54
25597	0.03	-179.71	-1.76	-79.87	0.08	179.64	1.89	174.02
25698	0.01	179.85	1.81	76.86	0.06	-179.92	-1.73	-39.59
25797	0.02	-179.71	-1.77	-78.38	0.08	179.86	1.89	93.21
25897	-0.02	-179.93	-1.82	-140.00	0.08	179.86	1.89	145.78
25997	0.03	-179.71	-1.77	-164.14	0.07	179.64	1.88	166.37
26096	0.01	179.85	1.81	45.63	0.07	179.86	1.88	174.59
26198	-0.15	-179.93	-1.96	-92.34	0.12	179.86	1.93	177.83
26296	-0.20	-179.93	-2.02	-146.05	0.14	179.86	1.95	179.08
26397	-0.14	-179.71	-1.95	-166.71	0.14	179.86	1.95	179.56
26497	-0.17	-179.93	-1.99	-174.87	0.15	179.86	1.96	179.75
26597	-0.18	179.85	1.60	44.19	0.14	179.86	1.95	179.81
26696	-0.16	179.85	1.63	128.18	0.14	-179.92	-1.64	-42.89
26797	-0.11	-179.93	-1.92	-63.02	0.13	-179.92	-1.65	-127.93
26895	-0.16	-179.71	-1.97	-135.63	0.15	179.86	1.96	63.55
26995	-0.16	-179.93	-1.97	-163.26	0.15	179.86	1.97	136.09
27095	-0.14	-179.71	-1.95	-173.53	0.15	179.86	1.96	163.45
27194	-0.13	-179.71	-1.94	-177.40	0.14	-179.92	-1.65	-51.71
27293	-0.15	-179.93	-1.97	-179.00	0.14	179.86	1.95	93.74
27394	-0.13	179.62	1.65	46.78	0.15	179.86	1.96	147.96
27493	-0.12	179.85	1.67	130.76	0.14	179.86	1.95	168.09
27593	-0.10	-179.93	-1.91	-65.74	0.13	179.86	1.94	175.53
27694	-0.14	-179.93	-1.96	-138.15	0.13	-179.92	-1.66	-49.80
27794	-0.14	-179.93	-1.96	-164.70	0.14	179.64	1.95	95.98
27894	-0.09	-179.93	-1.90	-174.38	0.14	179.64	1.95	149.26
27995	-0.11	-179.93	-1.92	-177.93	0.15	179.86	1.96	168.79
28095	-0.11	-179.93	-1.92	-179.21	0.14	179.63	1.95	175.72
28195	-0.13	-179.71	-1.94	-179.54	0.14	179.86	1.95	178.38
28296	-0.11	-179.93	-1.91	-179.78	0.12	179.63	1.93	179.18
28396	-0.11	-179.71	-1.91	-179.73	0.12	179.86	1.93	179.62
28496	-0.13	-179.93	-1.94	-179.87	0.13	-179.92	-1.66	-52.39
28597	-0.12	-179.70	-1.93	-179.76	0.13	179.86	1.94	97.80
28697	-0.09	-179.93	-1.90	-179.86	0.12	179.86	1.92	150.98
28797	-0.08	-179.93	-1.89	-179.90	0.12	-179.92	-1.67	-63.92
28897	-0.12	-179.93	-1.93	-179.93	0.12	179.86	1.93	94.74
28996	-0.12	-179.93	-1.93	-179.93	0.12	179.86	1.93	150.25
29097	-0.09	-179.93	-1.89	-179.92	0.11	-179.92	-1.67	-65.53
29196	-0.09	-179.93	-1.90	-179.93	0.11	179.86	1.92	95.17
29297	-0.12	-179.71	-1.93	-179.79	0.12	179.86	1.93	150.75
29396	-0.12	-179.93	-1.93	-179.88	0.13	-179.92	-1.66	-66.69
29497	-0.09	179.85	1.70	57.16	0.11	-179.69	-1.67	-141.16
29596	-0.09	179.85	1.70	138.16	0.11	179.86	1.92	70.79
29698	-0.12	179.84	1.67	165.73	0.12	179.86	1.93	142.95
29796	-0.12	-179.93	-1.93	-63.40	0.13	179.86	1.94	167.42
29896	-0.08	-179.93	-1.89	-140.79	0.12	179.86	1.93	175.68
29996	-0.08	179.85	1.71	72.59	0.11	179.86	1.92	178.46
30095	-0.10	-179.93	-1.91	-95.79	0.12	-179.92	-1.67	-60.49
30195	-0.10	-179.93	-1.91	-152.00	0.11	179.63	1.92	99.92
30296	-0.07	-179.93	-1.88	-170.69	0.12	179.86	1.93	153.43
30395	-0.06	179.85	1.73	64.39	0.11	179.86	1.92	171.15
30494	-0.09	-179.49	-1.90	-99.48	0.12	179.86	1.93	177.00
30596	-0.09	179.85	1.70	88.55	0.13	-179.69	-1.65	-63.10
30695	-0.06	179.85	1.73	150.13	0.12	179.86	1.93	100.75
30795	-0.08	-179.93	-1.88	-72.88	0.12	-179.69	-1.66	-88.73
30895	-0.10	-179.93	-1.91	-145.35	0.14	179.86	1.95	93.08
30995	-0.10	179.85	1.69	75.18	0.13	179.86	1.94	151.93
31095	-0.14	179.84	1.64	146.27	0.15	179.86	1.96	170.91
31195	-0.12	-179.71	-1.92	-75.58	0.14	179.64	1.95	176.85
31296	-0.16	-179.71	-1.97	-146.59	0.15	179.86	1.96	178.90
31395	-0.14	-179.71	-1.95	-169.20	0.16	179.86	1.97	179.56
31497	-0.11	-179.71	-1.91	-176.38	0.14	179.86	1.95	179.76
31596	-0.13	-179.93	-1.94	-178.82	0.14	179.63	1.95	179.67
31697	-0.15	-179.93	-1.96	-179.59	0.16	179.86	1.97	179.81
31796	-0.14	-179.93	-1.95	-179.82	0.13	179.86	1.95	179.84
31897	-0.08	-179.93	-1.89	-179.88	0.14	179.86	1.95	179.85
31997	-0.12	-179.93	-1.93	-179.93	0.13	-179.92	-1.65	-68.46
32097	-0.14	-179.93	-1.95	-179.93	0.15	179.86	1.96	103.22
32197	-0.14	-179.93	-1.95	-179.93	0.15	179.63	1.96	156.14
32297	-0.09	-179.93	-1.90	-179.92	0.13	-179.92	-1.65	-76.99
32397	-0.15	179.62	1.63	69.89	0.13	-179.69	-1.66	-148.35
32497	-0.12	-179.93	-1.93	-103.98	0.14	179.64	1.95	79.93
32596	-0.15	-179.93	-1.96	-156.94	0.13	-179.92	-1.65	-101.22
32697	-0.11	-179.93	-1.91	-172.98	0.14	179.86	1.95	95.06
32796	-0.13	-179.71	-1.93	-177.69	0.15	179.64	1.96	154.22
32898	-0.15	179.85	1.64	72.78	0.15	-179.69	-1.64	-79.71
32996	-0.14	-179.93	-1.95	-104.54	0.14	179.86	1.95	102.42
33097	-0.10	-179.71	-1.90	-157.35	0.14	179.86	1.95	156.85
33197	-0.12	-179.71	-1.93	-173.10	0.14	179.64	1.95	172.89
33298	-0.14	179.85	1.65	75.73	0.14	-179.92	-1.64	-75.85
33397	-0.12	-179.93	-1.93	-104.79	0.13	179.86	1.94	104.71
33498	-0.09	-179.93	-1.90	-157.92	0.13	-179.47	-1.65	-96.27
33597	-0.04	-179.93	-1.85	-173.50	0.13	179.86	1.94	99.32
33697	-0.11	179.85	1.68	77.15	0.15	179.86	1.96	156.46
33798	-0.07	-179.93	-1.88	-105.49	0.14	179.86	1.95	173.08
33898	-0.05	179.85	1.74	97.55	0.14	179.86	1.95	177.90
33998	-0.07	179.85	1.72	156.19	0.14	-179.92	-1.65	-77.09
34098	-0.09	-179.93	-1.90	-83.71	0.14	-179.92	-1.64	-150.48
34199	-0.06	179.85	1.73	104.68	0.13	179.86	1.95	85.63
34298	-0.01	-179.93	-1.81	-99.04	0.16	-179.92	-1.63	-104.45
34400	-0.13	179.62	1.65	100.69	0.17	-179.92	-1.61	-158.55
34499	-0.09	-179.93	-1.90	-100.76	0.18	179.63	1.99	84.24
34600	-0.08	-179.93	-1.89	-157.68	0.18	-179.69	-1.60	-105.52
34699	-0.04	179.85	1.76	85.35	0.17	-179.92	-1.62	-159.09
34799	-0.06	-179.93	-1.86	-105.93	0.18	179.86	2.00	85.31
34898	-0.09	-179.93	-1.89	-159.37	0.18	179.86	2.00	153.58
34998	-0.05	-179.93	-1.85	-174.23	0.18	179.86	2.00	172.58
35097	-0.04	-179.93	-1.85	-178.36	0.18	179.86	2.00	177.85
35197	-0.06	179.85	1.74	81.38	0.17	179.86	1.99	179.31
35297	-0.07	179.85	1.72	152.87	0.16	179.64	1.97	179.54
35397	-0.01	-179.93	-1.81	-89.10	0.17	-179.92	-1.62	-81.83
35497	-0.03	-179.93	-1.83	-155.24	0.16	179.86	1.97	108.71
35597	-0.05	-179.93	-1.86	-173.25	0.17	-179.92	-1.62	-101.73
35697	-0.07	-179.93	-1.87	-178.13	0.17	179.86	1.98	103.86
35798	-0.04	-179.93	-1.84	-179.44	0.16	179.63	1.97	159.26
35897	-0.05	179.85	1.74	83.58	0.17	-179.92	-1.62	-89.04
35997	-0.07	-179.93	-1.88	-109.59	0.16	179.86	1.97	108.07
36098	-0.06	-179.93	-1.87	-161.22	0.17	179.86	1.99	160.77
36197	-0.05	-179.93	-1.85	-174.97	0.18	179.86	1.99	174.80
36297	-0.06	-179.93	-1.86	-178.62	0.17	179.41	1.98	178.19
36398	-0.08	179.85	1.71	85.53	0.19	-179.92	-1.59	-85.70
36498	-0.08	-179.93	-1.88	-110.34	0.18	179.86	2.00	110.24
36597	-0.05	-179.71	-1.86	-161.58	0.18	179.86	1.99	161.67
36699	-0.05	179.85	1.75	90.99	0.17	-179.92	-1.61	-91.02
36798	-0.07	179.84	1.72	156.80	0.17	-179.69	-1.61	-156.70
36898	-0.05	-179.93	-1.86	-92.92	0.18	-179.92	-1.61	-173.92
36998	-0.03	179.85	1.77	109.63	0.17	179.86	1.98	88.78
37098	-0.04	179.85	1.75	161.83	0.17	-179.92	-1.62	-110.99
37198	-0.06	179.85	1.73	175.24	0.18	179.86	1.99	105.52
37299	-0.05	179.84	1.74	178.67	0.17	179.63	1.98	160.76
37399	-0.02	-179.93	-1.82	-88.92	0.17	179.86	1.98	175.01
37498	-0.03	-179.71	-1.83	-156.75	0.17	-179.92	-1.61	-90.17
37600	-0.05	-179.93	-1.86	-174.10	0.19	-179.92	-1.59	-157.30
37699	-0.06	-179.71	-1.86	-178.30	0.18	179.86	2.00	95.21
37800	-0.04	179.85	1.76	90.26	0.18	-179.92	-1.60	-111.09
37899	-0.05	-179.93	-1.86	-112.59	0.18	179.86	1.99	107.34
38000	-0.07	-179.93	-1.87	-163.21	0.18	179.86	1.99	161.85
38099	-0.07	-179.93	-1.88	-175.79	0.19	179.86	2.01	175.40
38200	-0.06	-179.93	-1.87	-178.91	0.19	-179.92	-1.60	-92.30
38299	-0.08	179.85	1.71	91.69	0.19	179.63	2.01	112.82
38401	-0.11	179.85	1.68	158.25	0.21	-179.92	-1.57	-108.24
38499	-0.09	-179.71	-1.90	-97.24	0.21	179.86	2.03	109.57
38599	-0.08	179.85	1.72	112.48	0.21	-179.92	-1.57	-109.54
38699	-0.10	-179.71	-1.90	-108.93	0.21	179.86	2.03	109.75
38798	-0.12	-179.93	-1.93	-162.80	0.22	179.86	2.04	162.94
38897	-0.10	-179.93	-1.91	-175.80	0.21	179.86	2.02	175.78
38998	-0.08	-179.93	-1.89	-178.94	0.22	179.86	2.04	178.89
39096	-0.10	-179.93	-1.91	-179.70	0.23	179.86	2.04	179.63
39197	-0.11	179.85	1.67	94.26	0.23	-179.92	-1.55	-94.34
39297	-0.09	-179.93	-1.89	-114.89	0.22	-179.92	-1.56	-159.62
39396	-0.07	-179.93	-1.88	-164.56	0.21	179.64	2.03	99.45
39495	-0.09	-179.93	-1.90	-176.31	0.22	179.86	2.04	160.92
39596	-0.10	-179.71	-1.91	-178.91	0.21	179.41	2.02	175.07
39694	-0.08	179.85	1.72	95.95	0.20	179.86	2.02	178.74
39794	-0.07	-179.93	-1.87	-115.63	0.21	179.86	2.03	179.60
39894	-0.09	179.85	1.70	111.22	0.22	-179.92	-1.56	-96.42
39993	-0.11	-179.71	-1.92	-112.38	0.22	179.86	2.03	115.92
40092	-0.08	179.85	1.71	112.46	0.22	-179.92	-1.56	-111.69
40193	-0.07	-179.93	-1.87	-112.73	0.22	-179.92	-1.56	-164.24
40291	-0.09	179.62	1.70	112.66	0.22	-179.92	-1.56	-176.33
40391	-0.09	-179.93	-1.89	-113.15	0.22	179.86	2.04	98.57
40491	-0.07	179.85	1.72	113.21	0.21	-179.69	-1.56	-116.41
40590	-0.09	-179.93	-1.90	-113.50	0.23	179.63	2.05	112.54
40689	-0.12	179.84	1.67	113.58	0.24	-179.92	-1.54	-113.86
40790	-0.10	-179.71	-1.90	-113.69	0.23	179.64	2.04	113.57
40888	-0.08	-179.93	-1.89	-165.07	0.22	-179.92	-1.56	-114.09
40988	-0.10	179.85	1.69	102.74	0.21	179.86	2.03	114.15
41088	-0.12	-179.93	-1.93	-116.97	0.23	179.86	2.05	165.23
41187	-0.10	-179.71	-1.91	-165.78	0.22	179.64	2.04	176.44
41286	-0.09	179.62	1.70	103.21	0.21	-179.92	-1.58	-101.08
41387	-0.11	-179.71	-1.91	-117.34	0.22	179.86	2.04	117.92
41485	-0.13	179.84	1.66	114.55	0.22	-179.92	-1.56	-114.48
41586	-0.11	179.84	1.68	165.55	0.22	179.86	2.04	115.41
41686	-0.08	-179.93	-1.88	-104.54	0.22	179.86	2.04	165.80
41785	-0.10	179.84	1.68	118.00	0.21	179.63	2.03	176.62
41884	-0.13	-179.93	-1.94	-115.37	0.22	-179.92	-1.56	-102.65
41985	-0.10	-179.93	-1.91	-165.98	0.22	179.86	2.04	118.84
42083	-0.15	-179.93	-1.96	-176.94	0.22	179.86	2.04	166.73
42184	-0.14	-179.93	-1.95	-179.29	0.24	179.86	2.07	177.05
42284	-0.14	-179.93	-1.96	-179.79	0.25	-179.69	-1.52	-103.43
42384	-0.11	-179.93	-1.92	-179.90	0.24	-179.92	-1.53	-163.62
42483	-0.13	-179.93	-1.94	-179.93	0.25	-179.92	-1.53	-176.46
42585	-0.15	-179.93	-1.96	-179.93	0.26	179.86	2.08	104.46
42685	-0.12	179.85	1.67	103.98	0.25	179.86	2.07	163.96
42785	-0.12	179.62	1.67	163.72	0.21	-179.92	-1.57	-107.65
42885	-0.07	-179.93	-1.88	-107.94	0.22	179.86	2.03	119.64
42986	-0.14	-179.48	-1.95	-164.56	0.21	179.63	2.03	167.11
43085	-0.13	179.85	1.66	108.19	0.22	179.86	2.04	177.21
43187	-0.11	-179.93	-1.92	-120.18	0.22	-179.92	-1.56	-105.86
43286	-0.11	179.85	1.68	117.84	0.23	-179.92	-1.55	-164.61
43387	-0.09	-179.71	-1.90	-118.42	0.21	179.86	2.03	108.91
43486	-0.11	179.85	1.68	118.62	0.23	-179.92	-1.54	-120.62
43587	-0.09	-179.93	-1.90	-118.85	0.21	179.64	2.03	118.20
43686	-0.08	-179.93	-1.89	-167.47	0.22	179.63	2.04	167.11
43787	-0.11	179.85	1.68	109.26	0.22	179.86	2.04	177.27
43886	-0.06	179.85	1.73	165.56	0.21	179.86	2.02	179.33
43987	-0.06	179.85	1.74	176.96	0.21	-179.92	-1.57	-107.40
44086	-0.11	-179.93	-1.92	-108.14	0.20	179.86	2.01	122.06
44187	-0.13	-179.71	-1.94	-165.36	0.20	-179.92	-1.58	-119.36
44286	-0.14	-179.93	-1.95	-177.02	0.21	-179.92	-1.57	-167.81
44387	-0.08	-179.93	-1.89	-179.34	0.20	179.86	2.02	110.60
44486	-0.11	179.62	1.68	108.35	0.20	-179.92	-1.58	-122.24
44588	-0.12	-179.93	-1.92	-122.89	0.21	179.64	2.03	119.91
44687	-0.06	-179.71	-1.86	-168.49	0.20	-179.92	-1.58	-120.79
44787	-0.02	179.85	1.77	111.38	0.20	179.86	2.02	120.76
44887	-0.05	-179.93	-1.85	-122.86	0.20	179.86	2.01	168.28
44987	-0.00	-179.93	-1.80	-168.78	0.19	179.86	2.00	177.60
45086	-0.01	179.85	1.78	111.99	0.20	179.86	2.02	179.42
45188	0.02	-179.71	-1.77	-123.12	0.19	179.86	2.00	179.77
45287	-0.01	-179.93	-1.81	-168.95	0.21	-179.92	-1.57	-110.37
45388	-0.02	-179.93	-1.82	-177.82	0.22	179.86	2.03	123.93
45488	-0.05	-179.93	-1.85	-179.53	0.21	-179.92	-1.57	-121.56
45589	-0.00	-179.93	-1.80	-179.85	0.21	-179.92	-1.57	-168.74
45688	-0.02	179.85	1.77	111.21	0.21	179.86	2.02	113.34
45790	-0.04	-179.93	-1.84	-124.56	0.21	179.63	2.03	167.03
45889	-0.02	-179.93	-1.82	-169.43	0.21	179.63	2.03	177.24
45990	0.02	-179.93	-1.78	-177.94	0.21	-179.92	-1.57	-112.43
46089	-0.01	-179.93	-1.81	-179.56	0.21	179.86	2.03	124.81
46190	-0.03	179.85	1.77	112.37	0.21	-179.92	-1.57	-122.71
46289	-0.02	-179.71	-1.82	-125.05	0.22	179.86	2.04	123.25
46390	0.01	-179.93	-1.79	-169.69	0.22	-179.92	-1.56	-123.38
46489	-0.01	-179.93	-1.81	-178.03	0.22	179.86	2.04	123.49
46590	-0.03	179.85	1.77	113.53	0.23	179.63	2.05	169.23
46689	-0.01	179.85	1.79	167.60	0.23	-179.69	-1.54	-115.25
46790	0.01	179.85	1.81	177.60	0.23	-179.92	-1.55	-168.01
46889	-0.01	-179.93	-1.81	-114.33	0.24	-179.92	-1.54	-177.73
46990	-0.04	179.85	1.75	126.03	0.23	179.86	2.05	114.45
47089	-0.02	-179.71	-1.82	-123.96	0.22	179.86	2.04	167.93
47191	-0.00	-179.93	-1.80	-169.76	0.22	179.64	2.04	177.51
47289	-0.03	-179.93	-1.83	-178.09	0.22	179.63	2.04	179.25
47390	-0.05	-179.93	-1.85	-179.60	0.23	-179.92	-1.55	-115.06
47490	-0.03	-179.93	-1.84	-179.87	0.22	179.63	2.03	126.59
47591	-0.01	-179.71	-1.80	-179.73	0.22	179.86	2.03	170.30
47690	-0.02	-179.93	-1.82	-179.90	0.22	-179.92	-1.56	-117.29
47792	-0.04	-179.93	-1.84	-179.93	0.22	179.86	2.03	126.89
47891	-0.02	-179.93	-1.82	-179.93	0.22	179.86	2.04	170.45
47992	0.00	179.85	1.80	116.13	0.21	-179.92	-1.57	-117.86
48092	-0.02	179.85	1.78	168.59	0.21	179.86	2.03	127.29
48193	-0.03	-179.48	-1.83	-118.23	0.22	179.86	2.04	170.61
48292	-0.02	-179.93	-1.82	-169.10	0.21	179.86	2.03	178.23
48394	-0.00	-179.71	-1.80	-177.85	0.21	179.63	2.03	179.39
48493	-0.02	-179.93	-1.82	-179.57	0.23	-179.92	-1.55	-117.28
48594	-0.04	179.85	1.75	117.39	0.23	179.86	2.05	128.23
48693	-0.02	-179.93	-1.82	-128.43	0.23	-179.69	-1.55	-126.36
48794	-0.01	-179.93	-1.81	-171.04	0.23	179.86	2.05	126.99
48893	-0.03	-179.71	-1.83	-178.22	0.23	179.86	2.04	170.76
48994	-0.04	-179.93	-1.84	-179.64	0.23	179.64	2.05	178.11
49093	-0.01	-179.71	-1.81	-179.69	0.23	179.64	2.04	179.37
49195	0.00	179.85	1.80	118.55	0.23	-179.92	-1.55	-118.66
49293	-0.02	-179.93	-1.82	-129.20	0.23	179.86	2.04	129.12
49394	-0.03	-179.71	-1.83	-171.15	0.22	179.86	2.04	171.26
49494	-0.01	179.85	1.79	120.57	0.22	179.86	2.04	178.41
49594	-0.00	179.84	1.80	169.87	0.22	-179.92	-1.56	-119.59
49693	-0.03	179.84	1.77	178.17	0.22	-179.92	-1.56	-169.79
49794	-0.05	179.85	1.75	179.56	0.22	-179.69	-1.55	-178.04
49892	-0.04	-179.93	-1.84	-119.97	0.21	179.86	2.03	120.16
49993	-0.06	-179.71	-1.86	-169.78	0.22	179.86	2.03	169.93
50093	-0.07	-179.93	-1.88	-178.25	0.21	-179.92	-1.57	-121.93
50192	-0.05	179.85	1.74	120.68	0.20	179.86	2.02	129.99
50291	-0.04	-179.93	-1.84	-130.41	0.20	179.86	2.02	171.64
50393	-0.04	-179.93	-1.84	-171.80	0.22	179.86	2.03	178.51
50492	-0.13	179.62	1.65	122.08	0.23	-179.92	-1.55	-121.24
50593	-0.07	179.62	1.72	170.24	0.24	179.86	2.05	130.72
50693	-0.08	179.84	1.71	178.28	0.23	179.86	2.05	171.86
50793	-0.08	-179.71	-1.89	-121.65	0.23	179.63	2.04	178.37
50892	-0.10	179.84	1.69	131.10	0.24	-179.92	-1.54	-121.99
50993	-0.16	-179.71	-1.97	-129.62	0.24	179.86	2.06	131.21
51092	-0.12	-179.93	-1.93	-171.84	0.24	179.64	2.06	171.86
51192	-0.12	-179.71	-1.93	-178.45	0.24	179.86	2.06	178.58
51292	-0.14	-179.93	-1.95	-179.70	0.25	-179.92	-1.52	-122.67
51392	-0.11	-179.71	-1.92	-179.70	0.25	179.86	2.08	131.70
51491	-0.17	-179.93	-1.98	-179.90	0.25	179.86	2.07	172.21
51593	-0.11	-179.71	-1.91	-179.73	0.23	179.42	2.04	178.27
51692	-0.16	-179.93	-1.97	-179.91	0.24	-179.69	-1.54	-123.22
51793	-0.13	-179.71	-1.93	-179.73	0.22	-179.92	-1.56	-171.01
51892	-0.13	-179.93	-1.94	-179.90	0.22	-179.92	-1.55	-178.52
51993	-0.14	-179.93	-1.95	-179.93	0.22	179.63	2.04	123.66
52092	-0.11	-179.93	-1.92	-179.93	0.21	-179.92	-1.57	-132.62
52193	-0.12	179.85	1.66	123.95	0.21	179.86	2.03	131.32
52292	-0.09	-179.93	-1.89	-132.86	0.19	179.63	2.00	172.15
52393	-0.13	179.85	1.66	131.56	0.20	-179.92	-1.58	-125.56
52493	-0.14	-179.93	-1.95	-131.98	0.20	-179.92	-1.59	-171.55
52593	-0.13	-179.93	-1.94	-172.57	0.19	179.63	2.00	125.74
52694	-0.06	-179.93	-1.87	-178.79	0.18	-179.92	-1.60	-133.15
52793	-0.12	179.85	1.67	125.13	0.18	179.86	2.00	132.11
52893	-0.10	-179.93	-1.91	-133.54	0.17	179.64	1.99	172.41
52994	-0.08	-179.93	-1.88	-172.89	0.17	179.64	1.98	178.54
53093	-0.08	-179.71	-1.88	-178.68	0.17	179.86	1.98	179.66
53193	-0.10	-179.93	-1.91	-179.75	0.17	179.64	1.98	179.64
53294	-0.14	-179.93	-1.96	-179.91	0.17	-179.92	-1.61	-125.89
53394	-0.09	179.85	1.70	125.96	0.18	-179.92	-1.60	-171.82
53494	-0.11	-179.93	-1.92	-134.25	0.17	179.86	1.99	127.33
53595	-0.13	-179.93	-1.94	-173.13	0.18	179.64	1.99	171.85
53695	-0.12	-179.93	-1.93	-178.92	0.17	179.86	1.98	178.67
53795	-0.11	-179.93	-1.92	-179.78	0.20	-179.92	-1.58	-126.84
53896	-0.11	179.85	1.68	126.78	0.21	179.86	2.02	134.60
53996	-0.06	-179.93	-1.87	-134.80	0.18	-179.92	-1.60	-133.65
54096	0.01	-179.93	-1.78	-173.30	0.18	179.86	1.99	133.87
54197	-0.03	179.85	1.76	128.19	0.19	179.86	2.01	173.14
54297	-0.07	179.85	1.72	172.31	0.20	-179.92	-1.58	-128.43
54397	-0.08	179.85	1.71	178.75	0.21	-179.92	-1.57	-172.43
54497	-0.05	-179.93	-1.85	-127.93	0.22	179.86	2.04	128.79
54597	-0.13	179.85	1.66	135.35	0.25	-179.92	-1.53	-135.30
54697	-0.12	-179.93	-1.93	-134.50	0.24	-179.92	-1.54	-173.49
54797	-0.10	179.85	1.69	134.69	0.24	-179.92	-1.54	-178.99
54897	-0.06	-179.93	-1.87	-134.86	0.23	179.86	2.05	128.46
54998	-0.06	179.85	1.73	134.90	0.23	179.86	2.05	172.52
55097	-0.11	179.85	1.68	173.44	0.24	-179.92	-1.53	-129.73
55197	-0.09	-179.93	-1.90	-129.76	0.24	-179.92	-1.53	-172.79
55298	-0.08	179.85	1.71	136.02	0.25	-179.92	-1.53	-178.91
55397	-0.08	-179.93	-1.88	-135.34	0.24	179.63	2.06	129.03
55497	-0.11	-179.93	-1.92	-173.66	0.26	179.86	2.08	172.71
55598	-0.11	179.85	1.68	130.24	0.26	179.86	2.08	178.86
55698	-0.09	179.85	1.70	172.91	0.25	-179.92	-1.53	-129.72
55798	-0.07	-179.93	-1.88	-130.71	0.25	179.64	2.07	136.48
55899	-0.09	-179.93	-1.90	-173.09	0.26	179.86	2.08	173.83
55999	-0.11	-179.93	-1.92	-178.98	0.28	179.86	2.10	179.02
56099	-0.08	-179.93	-1.89	-179.80	0.28	179.64	2.10	179.55
56200	-0.06	179.85	1.73	130.26	0.28	-179.92	-1.50	-130.36
56300	-0.06	-179.71	-1.87	-137.10	0.28	179.19	2.09	136.64
56400	-0.10	-179.93	-1.90	-174.06	0.27	179.86	2.10	173.93
56501	-0.10	-179.93	-1.91	-179.13	0.27	179.86	2.10	179.05
56601	-0.07	179.85	1.72	130.93	0.27	-179.92	-1.50	-131.00
56701	-0.08	-179.93	-1.89	-137.69	0.27	-179.92	-1.50	-173.27
56801	-0.10	-179.93	-1.91	-174.21	0.30	179.86	2.13	132.02
56901	-0.10	179.85	1.69	132.02	0.30	179.86	2.13	173.40
57001	-0.07	-179.93	-1.88	-137.91	0.30	-179.92	-1.47	-132.32
57101	-0.07	-179.93	-1.88	-174.29	0.31	179.86	2.13	137.93
57201	-0.10	179.85	1.69	132.41	0.31	-179.92	-1.46	-137.35
57302	-0.10	179.85	1.69	173.51	0.31	179.86	2.14	137.50
57401	-0.07	-179.93	-1.88	-132.86	0.31	179.64	2.14	174.03
57501	-0.09	-179.93	-1.90	-173.68	0.32	179.86	2.15	179.08
57602	-0.11	179.85	1.68	133.04	0.33	179.86	2.16	179.76
57701	-0.09	-179.93	-1.90	-138.61	0.33	179.63	2.15	179.65
57801	-0.07	-179.93	-1.87	-174.49	0.33	179.63	2.15	179.64
57902	-0.10	179.84	1.69	133.33	0.33	-179.92	-1.44	-132.72
58002	-0.12	-179.71	-1.93	-138.74	0.33	179.86	2.16	138.95
58102	-0.12	-179.71	-1.93	-174.36	0.35	179.86	2.18	174.52
58203	-0.09	179.84	1.70	133.75	0.34	-179.92	-1.43	-133.79
58303	-0.09	179.84	1.70	173.86	0.34	-179.92	-1.43	-173.93
58403	-0.12	179.85	1.67	179.07	0.35	179.86	2.18	134.08
58503	-0.11	-179.93	-1.92	-133.61	0.35	-179.92	-1.42	-139.40
58604	-0.08	-179.93	-1.89	-173.97	0.35	179.86	2.17	138.78
58704	-0.10	-179.93	-1.90	-179.17	0.35	179.86	2.17	174.59
58805	-0.11	-179.93	-1.92	-179.83	0.35	179.86	2.18	179.18
58905	-0.10	-179.71	-1.90	-179.72	0.35	179.86	2.18	179.77
59005	-0.07	179.85	1.72	134.11	0.34	179.86	2.17	179.85
59105	-0.08	-179.71	-1.88	-139.90	0.34	179.63	2.17	179.66
59205	-0.10	-179.93	-1.91	-174.87	0.35	179.86	2.18	179.83
59305	-0.09	-179.71	-1.90	-179.09	0.34	179.63	2.17	179.66
59405	-0.06	-179.93	-1.86	-179.82	0.36	179.86	2.19	179.84
59505	-0.08	-179.71	-1.88	-179.72	0.36	179.86	2.19	179.86
59606	-0.09	179.84	1.70	134.87	0.36	179.63	2.19	179.66
59704	-0.08	-179.71	-1.88	-140.47	0.36	179.41	2.19	179.44
59805	-0.05	-179.71	-1.86	-174.82	0.36	179.63	2.18	179.61
59905	-0.07	179.85	1.72	135.85	0.36	179.63	2.19	179.63
60005	-0.08	179.85	1.71	174.40	0.36	179.63	2.19	179.63
60104	-0.07	-179.93	-1.87	-136.23	0.36	-179.92	-1.40	-135.57
60206	-0.05	-179.93	-1.86	-174.55	0.36	179.64	2.19	140.87
60305	-0.07	179.85	1.72	136.38	0.36	-179.92	-1.41	-140.57
60406	-0.09	-179.93	-1.90	-141.25	0.37	179.86	2.20	140.67
60506	-0.08	-179.93	-1.88	-175.21	0.36	179.86	2.19	175.08
60607	-0.06	-179.93	-1.87	-179.35	0.37	179.63	2.20	179.08
60706	-0.08	-179.93	-1.89	-179.86	0.37	-179.92	-1.39	-136.37
60808	-0.10	-179.93	-1.91	-179.92	0.39	179.63	2.22	141.41
60908	-0.08	-179.71	-1.88	-179.73	0.38	179.86	2.21	175.22
61008	-0.06	-179.93	-1.87	-179.90	0.38	-179.92	-1.38	-137.20
61109	-0.09	-179.93	-1.90	-179.93	0.39	-179.92	-1.37	-174.79
61209	-0.10	-179.93	-1.91	-179.93	0.39	179.86	2.23	137.43
61309	-0.09	-179.71	-1.90	-179.73	0.38	179.63	2.21	174.60
61409	-0.07	179.85	1.73	137.07	0.38	-179.69	-1.38	-137.54
61509	-0.09	-179.93	-1.90	-142.32	0.38	-179.92	-1.39	-174.89
61609	-0.11	179.85	1.68	141.73	0.38	-179.92	-1.39	-179.32
61709	-0.08	-179.71	-1.88	-141.78	0.38	179.86	2.21	137.48
61809	-0.06	-179.93	-1.87	-175.44	0.37	179.86	2.20	174.87
61910	-0.09	-179.93	-1.90	-179.41	0.37	-179.69	-1.39	-138.09
62009	-0.10	-179.93	-1.91	-179.87	0.38	179.63	2.22	142.46
62109	-0.08	-179.93	-1.88	-179.92	0.38	-179.92	-1.39	-142.30
62209	-0.07	179.85	1.72	137.98	0.38	179.86	2.21	142.37
62308	-0.09	-179.93	-1.90	-143.04	0.39	179.86	2.22	175.51
62407	-0.09	-179.93	-1.90	-175.66	0.38	-179.92	-1.39	-138.78
62508	-0.06	-179.93	-1.86	-179.43	0.37	179.86	2.20	143.08
62606	-0.08	-179.93	-1.89	-179.88	0.38	179.86	2.21	175.63
62706	-0.12	179.62	1.67	138.34	0.38	-179.92	-1.39	-139.10
62806	-0.25	179.85	1.52	175.08	0.43	-179.92	-1.33	-175.24
62906	-0.19	-179.93	-2.00	-139.39	0.41	179.86	2.24	139.31
63005	-0.17	-179.93	-1.98	-175.31	0.40	179.63	2.23	175.04
63107	-0.12	-179.71	-1.93	-179.20	0.41	179.86	2.24	179.31
63206	-0.16	179.85	1.63	139.17	0.41	-179.92	-1.35	-139.23
63307	-0.21	-179.93	-2.02	-143.89	0.44	179.63	2.27	143.62
63407	-0.16	-179.93	-1.98	-175.87	0.44	179.86	2.27	175.78
63508	-0.17	179.84	1.61	139.88	0.43	179.86	2.27	179.40
63607	-0.16	-179.93	-1.97	-144.10	0.42	179.86	2.26	179.81
63708	-0.16	-179.93	-1.97	-175.93	0.42	-179.92	-1.34	-139.72
63807	-0.14	179.84	1.64	140.20	0.41	179.63	2.25	144.04
63908	-0.13	179.85	1.65	175.44	0.40	-179.92	-1.36	-143.91
64008	-0.15	-179.93	-1.96	-140.54	0.41	179.86	2.24	143.97
64109	-0.13	-179.93	-1.94	-175.57	0.40	179.86	2.23	175.89
64208	-0.13	-179.93	-1.94	-179.45	0.41	179.64	2.24	179.22
64310	-0.13	179.85	1.66	140.34	0.40	179.86	2.23	179.79
64409	-0.13	-179.93	-1.94	-144.81	0.40	-179.92	-1.36	-140.47
64510	-0.21	-179.93	-2.03	-176.10	0.41	179.86	2.25	144.82
64609	-0.18	-179.93	-1.99	-179.51	0.41	179.86	2.24	176.04
64710	-0.19	-179.71	-2.01	-179.69	0.40	179.86	2.24	179.44
64809	-0.18	-179.93	-2.00	-179.90	0.39	179.86	2.22	179.81
64910	-0.17	-179.93	-1.98	-179.93	0.39	-179.92	-1.37	-140.99
65009	-0.22	-179.93	-2.04	-179.94	0.41	-179.92	-1.35	-175.71
65111	-0.20	179.62	1.58	140.92	0.40	179.86	2.23	141.58
65209	-0.20	-179.71	-2.02	-145.28	0.40	179.86	2.24	175.75
65310	-0.17	179.85	1.61	145.03	0.39	179.63	2.22	179.22
65410	-0.19	-179.93	-2.00	-145.23	0.40	179.86	2.23	179.79
65511	-0.19	-179.71	-2.00	-176.03	0.43	179.64	2.27	179.66
65610	-0.20	179.85	1.58	142.04	0.40	179.64	2.23	179.64
65712	-0.17	-179.71	-1.98	-145.61	0.28	179.42	2.10	179.43
65811	-0.12	-179.71	-1.93	-176.10	0.34	-179.92	-1.43	-141.94
65912	-0.07	-179.71	-1.87	-179.32	0.30	179.86	2.13	145.94
66012	-0.10	179.85	1.69	142.08	0.30	179.41	2.12	175.89
66113	-0.11	-179.93	-1.92	-146.17	0.32	-179.92	-1.45	-142.61
66212	-0.13	179.85	1.66	145.75	0.32	-179.92	-1.45	-176.02
66314	-0.12	-179.93	-1.93	-145.96	0.31	179.63	2.13	142.54
66413	-0.10	-179.93	-1.90	-176.39	0.32	179.86	2.14	175.98
66514	-0.12	-179.71	-1.92	-179.37	0.32	179.86	2.15	179.46
66613	-0.16	-179.71	-1.97	-179.68	0.32	179.41	2.14	179.41
66714	-0.11	-179.93	-1.92	-179.90	0.31	179.86	2.13	179.81
66813	-0.10	-179.93	-1.91	-179.93	0.32	-179.92	-1.46	-142.88
66914	-0.11	-179.71	-1.91	-179.73	0.31	179.86	2.13	146.72
67014	-0.13	-179.71	-1.94	-179.71	0.33	-179.92	-1.44	-146.46
67115	-0.16	-179.93	-1.98	-179.91	0.33	-179.92	-1.44	-176.50
67214	-0.13	179.85	1.65	143.19	0.31	179.86	2.14	143.55
67314	-0.13	-179.93	-1.94	-147.09	0.33	179.86	2.16	176.17
67415	-0.16	179.84	1.62	146.70	0.32	179.86	2.15	179.48
67514	-0.17	-179.93	-1.98	-146.91	0.31	179.64	2.14	179.62
67614	-0.14	-179.93	-1.95	-176.60	0.30	-179.92	-1.47	-143.66
67715	-0.14	-179.93	-1.95	-179.60	0.29	179.86	2.12	147.32
67815	-0.16	179.85	1.63	143.78	0.30	179.86	2.12	176.60
67915	-0.17	-179.93	-1.99	-147.54	0.29	179.86	2.12	179.53
68016	-0.15	-179.93	-1.96	-176.70	0.30	-179.92	-1.47	-144.04
68115	-0.11	-179.93	-1.92	-179.61	0.29	179.86	2.12	147.61
68215	-0.14	-179.93	-1.95	-179.90	0.28	179.64	2.11	176.46
68315	-0.18	179.85	1.61	144.21	0.30	179.86	2.12	179.52
68415	-0.14	-179.93	-1.95	-147.91	0.30	179.86	2.12	179.83
68514	-0.14	179.85	1.65	147.55	0.30	179.86	2.13	179.86
68615	-0.16	179.85	1.62	176.67	0.31	-179.92	-1.46	-144.56
68714	-0.16	-179.93	-1.97	-144.97	0.30	-179.92	-1.47	-176.45
68814	-0.13	-179.71	-1.94	-176.31	0.30	179.63	2.13	144.81
68914	-0.10	-179.93	-1.91	-179.57	0.33	-179.92	-1.44	-148.24
69015	-0.33	179.85	1.44	144.86	0.34	-179.70	-1.42	-176.63
69114	-0.25	-179.26	-2.07	-147.80	0.31	179.42	2.13	144.86
69216	-0.06	179.40	1.73	147.74	0.25	-179.92	-1.52	-148.49
69315	-0.29	-179.93	-2.11	-148.32	0.30	-179.92	-1.47	-176.88
69416	-0.36	-179.93	-2.19	-176.89	0.32	179.64	2.15	145.30
69515	-0.40	-179.93	-2.24	-179.64	0.34	179.86	2.16	176.54
69616	-0.20	-179.93	-2.02	-179.88	0.29	179.86	2.11	179.54
69715	-0.33	-179.93	-2.16	-179.94	0.30	179.86	2.13	179.83
69816	-0.42	179.85	1.34	145.54	0.32	179.63	2.15	179.66
69915	-0.36	-179.93	-2.19	-148.97	0.32	179.86	2.15	179.84
70017	-0.29	-179.93	-2.12	-176.99	0.31	179.86	2.13	179.86
70115	-0.33	179.85	1.44	146.08	0.31	179.86	2.14	179.86
70216	-0.41	-179.71	-2.24	-148.97	0.32	179.86	2.15	179.86
70316	-0.36	-179.71	-2.19	-176.81	0.30	179.64	2.12	179.66
70416	-0.35	-179.93	-2.18	-179.64	0.30	179.86	2.12	179.84
70515	-0.36	-179.93	-2.20	-179.90	0.28	179.86	2.11	179.86
70617	-0.41	-179.71	-2.25	-179.73	0.30	179.63	2.13	179.66
70716	-0.38	-179.71	-2.21	-179.71	0.29	179.86	2.12	179.84
70817	-0.33	-179.93	-2.16	-179.90	0.28	179.64	2.10	179.65
70918	-0.33	179.85	1.44	146.48	0.28	-179.92	-1.49	-146.57
71018	-0.35	179.85	1.41	176.76	0.29	179.63	2.11	149.46
71117	-0.35	179.85	1.41	179.56	0.28	179.86	2.11	177.05
71219	-0.32	-179.93	-2.14	-146.83	0.28	179.86	2.10	179.60
71318	-0.34	179.85	1.43	149.85	0.27	179.86	2.09	179.83
71419	-0.41	-179.93	-2.24	-149.73	0.28	179.86	2.11	179.86
71518	-0.36	179.85	1.40	149.74	0.26	-179.92	-1.52	-147.05
71619	-0.36	-179.71	-2.19	-149.68	0.26	-179.92	-1.52	-176.92
71718	-0.37	179.85	1.40	149.88	0.27	179.63	2.09	147.22
71819	-0.38	-179.71	-2.21	-149.82	0.27	179.64	2.09	176.70
71918	-0.36	-179.71	-2.19	-177.00	0.27	179.63	2.09	179.37
72019	-0.34	-179.93	-2.17	-179.66	0.27	179.86	2.09	179.82
72119	-0.32	179.62	1.45	147.28	0.24	179.63	2.06	179.65
72219	-0.33	-179.71	-2.16	-150.34	0.26	179.86	2.08	179.84
72318	-0.33	179.85	1.44	150.26	0.24	179.86	2.06	179.86
72419	-0.30	-179.93	-2.12	-150.42	0.24	179.64	2.05	179.66
72518	-0.32	-179.93	-2.15	-177.30	0.24	179.86	2.06	179.84
72620	-0.38	179.62	1.38	147.88	0.26	-179.69	-1.51	-147.72
72718	-0.32	179.84	1.45	177.01	0.25	179.86	2.07	150.80
72819	-0.32	179.85	1.45	179.60	0.26	179.86	2.08	177.29
72919	-0.33	179.85	1.44	179.82	0.26	179.63	2.08	179.43
73019	-0.35	-179.71	-2.18	-148.05	0.26	-179.92	-1.51	-148.27
73118	-0.33	179.85	1.44	151.04	0.25	179.86	2.07	151.03
73220	-0.31	-179.71	-2.14	-150.72	0.24	179.86	2.06	177.33
73319	-0.32	-179.93	-2.15	-177.38	0.25	179.86	2.07	179.64
73420	-0.35	179.85	1.41	148.69	0.25	179.63	2.07	179.64
73520	-0.33	-179.93	-2.16	-151.34	0.24	179.63	2.06	179.63
73621	-0.32	179.85	1.45	151.10	0.24	-179.69	-1.53	-148.51
73720	-0.33	-179.93	-2.16	-151.27	0.24	179.86	2.06	151.43
73822	-0.35	179.85	1.42	151.25	0.25	179.63	2.07	177.20
73921	-0.36	-179.71	-2.18	-151.19	0.25	179.41	2.06	179.22
74022	-0.33	-179.93	-2.16	-177.46	0.25	179.86	2.07	179.80
74121	-0.34	-179.93	-2.17	-179.72	0.26	179.86	2.08	179.86
74222	-0.37	-179.71	-2.20	-179.71	0.26	179.64	2.08	179.65
74321	-0.36	-179.93	-2.19	-179.91	0.27	179.64	2.09	179.64
74422	-0.29	-179.93	-2.12	-179.92	0.25	179.86	2.07	179.84
74522	-0.32	-179.93	-2.15	-179.93	0.26	179.63	2.08	179.65
74622	-0.32	-179.93	-2.15	-179.93	0.26	179.63	2.08	179.64
74722	-0.32	179.84	1.45	149.44	0.26	179.63	2.08	179.63
74822	-0.29	179.85	1.48	177.28	0.25	179.86	2.07	179.84
74921	-0.31	179.84	1.46	179.63	0.25	-179.92	-1.53	-149.66
75022	-0.34	-179.71	-2.17	-149.56	0.25	179.86	2.07	152.21
75122	-0.31	-179.71	-2.14	-177.18	0.25	179.63	2.07	177.34
75223	-0.31	-179.93	-2.13	-179.70	0.24	179.86	2.06	179.65
75322	-0.32	179.85	1.45	149.89	0.24	179.63	2.06	179.64
75422	-0.33	-179.93	-2.15	-152.52	0.28	-179.92	-1.49	-150.03
75523	-0.30	-179.93	-2.13	-177.66	0.26	179.86	2.08	152.50
75623	-0.28	-179.93	-2.11	-179.74	0.28	179.64	2.10	177.39
75723	-0.31	-179.93	-2.14	-179.92	0.26	179.63	2.08	179.45
75824	-0.32	-179.93	-2.14	-179.93	0.28	179.86	2.11	179.83
75924	-0.29	179.85	1.48	150.30	0.28	179.64	2.10	179.65
76024	-0.29	-179.93	-2.11	-152.87	0.27	179.64	2.09	179.64
76125	-0.31	179.85	1.46	152.64	0.28	179.86	2.11	179.84
76225	-0.31	179.84	1.46	177.63	0.28	179.86	2.10	179.86
76325	-0.29	-179.93	-2.11	-150.84	0.28	179.86	2.10	179.86
76426	-0.29	-179.93	-2.12	-177.57	0.28	179.86	2.11	179.86
76526	-0.30	-179.93	-2.13	-179.74	0.27	-179.92	-1.50	-150.78
76625	-0.32	-179.93	-2.15	-179.92	0.28	179.63	2.10	152.94
76725	-0.28	-179.93	-2.11	-179.93	0.28	179.86	2.10	177.69
76824	-0.28	-179.93	-2.10	-179.93	0.27	179.86	2.10	179.68
76924	-0.30	179.85	1.47	150.98	0.29	-179.92	-1.48	-151.07
77023	-0.32	-179.71	-2.14	-153.24	0.29	179.64	2.11	153.17
77124	-0.28	179.84	1.49	153.25	0.29	179.86	2.11	177.73
77223	-0.27	179.85	1.51	177.73	0.29	179.86	2.11	179.69
77324	-0.29	179.62	1.48	179.47	0.29	-179.69	-1.49	-151.13
77423	-0.29	-179.93	-2.12	-151.43	0.30	-179.92	-1.47	-177.63
77524	-0.26	-179.48	-2.08	-177.26	0.28	179.86	2.10	151.58
77623	-0.26	-179.93	-2.09	-179.72	0.29	179.63	2.11	177.42
77724	-0.29	-179.93	-2.12	-179.92	0.29	179.63	2.11	179.46
77824	-0.29	-179.93	-2.11	-179.93	0.29	179.86	2.12	179.83
77924	-0.25	-179.93	-2.08	-179.93	0.29	179.64	2.11	179.65
78024	-0.26	179.84	1.51	151.71	0.29	-179.92	-1.48	-151.80
78125	-0.29	179.85	1.48	177.65	0.30	179.86	2.13	153.99
78224	-0.29	-179.93	-2.11	-152.10	0.30	-179.92	-1.47	-153.93
78324	-0.26	-179.93	-2.08	-177.77	0.30	179.86	2.12	153.94
78425	-0.25	-179.93	-2.07	-179.76	0.30	179.86	2.12	177.85
78525	-0.29	-179.93	-2.11	-179.92	0.31	179.86	2.14	179.70
78625	-0.28	-179.48	-2.10	-179.52	0.30	179.86	2.13	179.85
78726	-0.24	-179.93	-2.06	-179.90	0.30	-179.92	-1.47	-152.24
78826	-0.24	-179.93	-2.06	-179.93	0.30	179.64	2.12	154.16
78926	-0.28	-179.93	-2.10	-179.93	0.30	179.86	2.12	177.89
79027	-0.28	-179.71	-2.10	-179.72	0.30	179.64	2.12	179.50
79126	-0.25	-179.93	-2.08	-179.91	0.29	179.63	2.11	179.62
79226	-0.26	-179.93	-2.08	-179.93	0.29	-179.92	-1.49	-152.57
79326	-0.29	-179.71	-2.11	-179.73	0.29	179.63	2.12	154.43
79426	-0.29	179.85	1.49	152.62	0.29	179.64	2.11	177.73
79525	-0.26	-179.71	-2.08	-154.60	0.28	-179.92	-1.49	-152.90
79627	-0.27	179.85	1.50	154.64	0.27	179.86	2.10	154.78
79726	-0.30	-179.71	-2.12	-154.57	0.29	179.63	2.11	177.77
79827	-0.29	-179.71	-2.11	-177.82	0.29	179.63	2.12	179.50
79926	-0.27	-179.93	-2.09	-179.77	0.29	179.63	2.11	179.62
80027	-0.28	-179.93	-2.10	-179.92	0.29	-179.92	-1.48	-153.07
80126	-0.30	179.85	1.48	153.04	0.29	179.86	2.12	155.05
80227	-0.29	-179.93	-2.11	-155.18	0.30	179.86	2.12	178.02
80326	-0.27	-179.71	-2.09	-177.89	0.29	179.64	2.11	179.52
80428	-0.27	-179.93	-2.10	-179.78	0.29	-179.92	-1.48	-153.32
80526	-0.30	-179.93	-2.13	-179.92	0.30	179.86	2.12	155.26
80627	-0.29	-179.93	-2.11	-179.93	0.30	-179.92	-1.47	-155.22
80728	-0.26	-179.93	-2.08	-179.93	0.30	179.86	2.12	155.23
80827	-0.28	179.85	1.50	153.46	0.30	179.86	2.13	178.05
80927	-0.30	-179.93	-2.12	-155.54	0.30	179.86	2.13	179.73
81028	-0.28	-179.93	-2.11	-178.15	0.31	179.64	2.13	179.64
81128	-0.26	-179.93	-2.08	-179.80	0.31	179.86	2.14	179.84
81228	-0.27	-179.71	-2.09	-179.72	0.31	179.64	2.13	179.65
81329	-0.29	179.85	1.48	153.77	0.32	-179.92	-1.45	-153.84
81429	-0.27	-179.93	-2.10	-155.78	0.31	179.86	2.14	155.71
81529	-0.25	-179.93	-2.07	-178.19	0.31	179.63	2.13	177.91
81629	-0.27	179.85	1.51	154.05	0.31	179.86	2.14	179.72
81729	-0.28	179.85	1.49	177.99	0.31	179.86	2.13	179.85
81828	-0.27	-179.93	-2.10	-154.26	0.30	179.63	2.12	179.65
81929	-0.25	-179.93	-2.07	-178.09	0.30	-179.92	-1.47	-154.19
82028	-0.27	-179.71	-2.09	-179.59	0.30	179.63	2.12	155.80
82128	-0.30	-179.93	-2.12	-179.91	0.31	179.86	2.13	178.15
82228	-0.28	179.62	1.50	154.07	0.30	179.86	2.13	179.74
82328	-0.26	-179.93	-2.08	-156.24	0.30	179.86	2.13	179.85
82427	-0.29	-179.71	-2.11	-178.05	0.31	179.86	2.13	179.86
82528	-0.28	-179.93	-2.11	-179.80	0.31	179.63	2.13	179.65
82627	-0.26	-179.93	-2.08	-179.92	0.30	179.63	2.12	179.64
82728	-0.24	179.85	1.54	154.56	0.30	179.86	2.12	179.84
82827	-0.26	-179.93	-2.08	-156.47	0.31	179.86	2.13	179.86
82928	-0.24	-179.93	-2.06	-178.29	0.31	179.86	2.14	179.86
83027	-0.22	-179.93	-2.03	-179.81	0.32	179.86	2.15	179.86
83128	-0.23	-179.93	-2.05	-179.92	0.32	-179.92	-1.45	-154.85
83228	-0.25	-179.93	-2.07	-179.93	0.33	179.86	2.16	156.59
83329	-0.23	179.84	1.54	154.89	0.33	179.63	2.15	178.03
83428	-0.21	-179.93	-2.03	-156.76	0.33	179.86	2.15	179.73
83528	-0.23	-179.93	-2.05	-178.33	0.34	179.86	2.17	179.85
83629	-0.25	-179.71	-2.07	-179.61	0.34	179.63	2.16	179.65
83728	-0.24	-179.93	-2.06	-179.91	0.34	179.64	2.16	179.64
83828	-0.20	-179.93	-2.02	-179.93	0.34	179.86	2.17	179.84
83929	-0.22	-179.93	-2.04	-179.93	0.34	179.86	2.17	179.86
84029	-0.24	-179.93	-2.07	-179.93	0.35	179.64	2.18	179.65
84128	-0.22	179.85	1.56	155.33	0.34	179.64	2.16	179.64
84229	-0.20	-179.71	-2.02	-156.92	0.34	179.86	2.17	179.84
84328	-0.21	-179.93	-2.03	-178.37	0.35	179.86	2.18	179.86
84428	-0.23	179.85	1.54	155.59	0.36	179.86	2.19	179.86
84528	-0.21	-179.71	-2.03	-157.05	0.36	179.64	2.18	179.65
84628	-0.21	-179.93	-2.02	-178.39	0.36	-179.92	-1.41	-155.68
84727	-0.23	-179.93	-2.05	-179.83	0.37	179.64	2.20	157.08
84829	-0.25	179.85	1.52	155.70	0.38	179.86	2.21	178.33
84928	-0.22	-179.71	-2.04	-157.24	0.36	179.86	2.19	179.76
85029	-0.21	-179.93	-2.03	-178.41	0.37	-179.92	-1.40	-155.88
85129	-0.24	-179.71	-2.06	-179.62	0.37	179.63	2.20	157.26
85230	-0.25	179.85	1.53	155.92	0.38	179.86	2.21	178.36
85329	-0.23	-179.93	-2.05	-157.63	0.38	179.86	2.21	179.76
85430	-0.22	-179.93	-2.04	-178.45	0.38	-179.92	-1.39	-156.09
85529	-0.24	-179.93	-2.06	-179.83	0.39	179.63	2.22	157.44
85630	-0.26	-179.93	-2.08	-179.93	0.40	179.64	2.23	178.17
85729	-0.24	-179.93	-2.06	-179.93	0.40	179.63	2.23	179.54
85830	-0.23	-179.93	-2.05	-179.93	0.40	179.86	2.24	179.84
85931	-0.25	-179.93	-2.07	-179.93	0.42	179.86	2.25	179.86
86030	-0.26	179.84	1.52	156.31	0.42	179.63	2.26	179.65
86130	-0.23	-179.71	-2.05	-157.77	0.41	179.86	2.25	179.84
86231	-0.22	179.85	1.56	157.86	0.41	179.86	2.24	179.86
86330	-0.24	179.85	1.53	178.41	0.41	179.86	2.25	179.86
86430	-0.26	-179.93	-2.08	-156.69	0.42	179.63	2.25	179.65
86531	-0.23	-179.93	-2.05	-178.42	0.41	179.63	2.25	179.64
86631	-0.22	-179.93	-2.04	-179.83	0.42	179.64	2.25	179.64
86731	-0.25	-179.93	-2.08	-179.93	0.43	179.86	2.26	179.85
86832	-0.26	179.85	1.51	156.71	0.43	179.64	2.26	179.65
86932	-0.24	-179.93	-2.06	-158.33	0.42	179.86	2.26	179.84
87032	-0.24	-179.93	-2.06	-178.55	0.41	179.86	2.25	179.86
87133	-0.27	-179.71	-2.09	-179.63	0.43	179.63	2.26	179.65
87233	-0.30	179.85	1.47	156.93	0.43	179.63	2.26	179.64
87333	-0.29	-179.93	-2.12	-158.50	0.44	179.86	2.28	179.85
87434	-0.26	-179.93	-2.09	-178.57	0.43	-179.92	-1.33	-157.08
87534	-0.27	179.85	1.50	157.14	0.43	179.63	2.27	158.30
87633	-0.30	-179.93	-2.12	-158.62	0.45	179.64	2.28	178.29
87733	-0.27	-179.71	-2.09	-178.37	0.44	179.86	2.28	179.76
87832	-0.27	179.85	1.51	157.30	0.43	179.86	2.27	179.85
87932	-0.28	-179.93	-2.11	-158.75	0.44	179.86	2.28	179.86
88031	-0.29	-179.93	-2.11	-178.60	0.44	179.63	2.28	179.65
88132	-0.26	-179.93	-2.08	-179.85	0.44	179.64	2.28	179.64
88231	-0.25	179.84	1.52	157.39	0.44	179.63	2.28	179.63
88332	-0.28	179.85	1.49	178.45	0.44	179.86	2.28	179.84
88431	-0.29	-179.71	-2.11	-157.44	0.45	179.63	2.29	179.65
88532	-0.26	-179.93	-2.08	-178.53	0.44	179.41	2.27	179.42
88631	-0.26	179.84	1.52	157.66	0.44	179.86	2.27	179.83
88732	-0.28	-179.93	-2.11	-159.08	0.45	179.63	2.29	179.65
88832	-0.28	-179.93	-2.11	-178.64	0.46	179.86	2.30	179.85
88932	-0.26	-179.93	-2.08	-179.85	0.45	179.86	2.29	179.86
89032	-0.27	-179.93	-2.09	-179.93	0.45	179.86	2.29	179.86
89133	-0.30	-179.93	-2.12	-179.93	0.45	179.63	2.28	179.65
89232	-0.29	179.85	1.48	157.85	0.45	179.63	2.29	179.64
89332	-0.27	179.85	1.50	178.51	0.45	179.86	2.29	179.84
89433	-0.27	179.85	1.50	179.76	0.45	-179.92	-1.30	-158.02
89533	-0.30	-179.93	-2.13	-158.08	0.46	179.63	2.30	159.12
89633	-0.29	-179.93	-2.12	-178.61	0.45	179.63	2.29	178.39
89734	-0.26	-179.71	-2.08	-179.64	0.45	179.63	2.29	179.56
89834	-0.27	179.85	1.50	158.14	0.45	179.63	2.29	179.63
89934	-0.29	-179.93	-2.12	-159.56	0.46	179.86	2.30	179.85
90035	-0.28	-179.93	-2.11	-178.71	0.47	-179.92	-1.29	-158.29
90135	-0.25	-179.71	-2.07	-179.64	0.45	179.86	2.28	159.57
90235	-0.27	179.85	1.51	158.32	0.46	179.63	2.30	178.43
90336	-0.30	-179.71	-2.12	-159.51	0.47	179.63	2.30	179.56
90436	-0.28	-179.93	-2.10	-178.71	0.46	179.86	2.30	179.84
90536	-0.26	-179.71	-2.08	-179.64	0.45	179.63	2.29	179.65
90636	-0.28	179.85	1.49	158.50	0.45	179.86	2.29	179.85
90736	-0.30	-179.93	-2.13	-159.88	0.44	179.86	2.28	179.86
90836	-0.29	179.85	1.48	159.76	0.44	179.86	2.27	179.86
90936	-0.26	-179.93	-2.09	-159.88	0.43	-179.92	-1.33	-158.68
91036	-0.28	179.85	1.50	159.84	0.44	179.86	2.27	159.92
91137	-0.30	-179.93	-2.12	-159.96	0.44	179.86	2.27	178.69
91236	-0.28	-179.93	-2.10	-178.76	0.42	179.41	2.25	179.37
91336	-0.26	-179.93	-2.08	-179.86	0.42	179.86	2.26	179.83
91437	-0.28	-179.93	-2.11	-179.93	0.42	179.86	2.26	179.86
91535	-0.30	179.85	1.47	158.87	0.43	-179.92	-1.33	-158.94
91635	-0.29	179.84	1.49	178.62	0.43	-179.92	-1.33	-178.70
91735	-0.27	-179.93	-2.09	-159.11	0.43	179.64	2.26	158.83
91834	-0.28	179.84	1.49	160.20	0.43	179.86	2.27	178.64
91933	-0.31	-179.71	-2.13	-160.05	0.43	-179.92	-1.33	-159.18
92034	-0.28	-179.71	-2.11	-178.57	0.43	179.63	2.27	160.08
92132	-0.27	-179.71	-2.09	-179.64	0.43	179.86	2.26	178.72
92233	-0.29	-179.93	-2.12	-179.92	0.43	179.63	2.26	179.58
92333	-0.31	-179.93	-2.14	-179.93	0.43	-179.92	-1.33	-159.30
92434	-0.30	-179.93	-2.12	-179.93	0.43	179.63	2.26	160.23
92533	-0.27	-179.93	-2.10	-179.93	0.42	179.86	2.26	178.74
92635	-0.30	-179.93	-2.13	-179.93	0.44	179.41	2.27	179.37
92735	-0.32	-179.93	-2.15	-179.93	0.44	179.64	2.27	179.62
92835	-0.29	-179.93	-2.12	-179.93	0.44	179.86	2.28	179.85
92936	-0.28	-179.93	-2.10	-179.93	0.44	179.86	2.28	179.86
93036	-0.31	179.85	1.47	159.50	0.44	179.86	2.28	179.86
93136	-0.33	-179.93	-2.15	-160.78	0.46	179.86	2.30	179.86
93237	-0.31	-179.93	-2.14	-178.85	0.44	179.86	2.28	179.86
93337	-0.29	179.85	1.48	159.68	0.46	-179.92	-1.30	-159.69
93437	-0.32	-179.93	-2.15	-160.88	0.46	179.63	2.30	160.60
93537	-0.34	-179.93	-2.17	-178.86	0.46	-179.92	-1.29	-160.85
93636	-0.32	-179.93	-2.14	-179.87	0.47	179.86	2.31	160.82
93736	-0.31	-179.93	-2.14	-179.93	0.46	179.86	2.30	178.80
93835	-0.33	179.85	1.44	159.82	0.46	179.63	2.30	179.59
93935	-0.34	-179.93	-2.17	-161.06	0.47	179.86	2.31	179.84
94034	-0.31	-179.93	-2.14	-178.88	0.46	179.41	2.29	179.44
94134	-0.30	-179.93	-2.13	-179.87	0.46	179.86	2.29	179.84
94233	-0.33	-179.93	-2.15	-179.93	0.46	179.63	2.30	179.65
94334	-0.34	-179.93	-2.17	-179.93	0.46	179.64	2.30	179.64
94433	-0.30	-179.71	-2.13	-179.72	0.48	179.86	2.32	179.85
94534	-0.30	-179.93	-2.12	-179.92	0.47	-179.92	-1.29	-160.17
94635	-0.33	179.85	1.44	160.14	0.47	179.86	2.32	161.24
94734	-0.33	-179.71	-2.16	-161.13	0.48	179.63	2.32	178.63
94834	-0.30	-179.93	-2.13	-178.90	0.47	179.63	2.31	179.58
94935	-0.30	179.85	1.47	160.31	0.47	179.86	2.31	179.84
95034	-0.32	-179.93	-2.15	-161.44	0.47	179.64	2.30	179.65
95134	-0.33	179.85	1.44	161.34	0.46	179.86	2.30	179.85
95235	-0.30	-179.93	-2.13	-161.46	0.45	179.63	2.29	179.65
95335	-0.29	-179.93	-2.12	-178.93	0.44	179.86	2.28	179.85
95435	-0.32	179.85	1.45	160.50	0.45	179.63	2.29	179.65
95536	-0.32	-179.71	-2.14	-161.40	0.46	179.64	2.30	179.64
95636	-0.29	179.85	1.48	161.52	0.45	-179.92	-1.31	-160.61
95736	-0.30	179.62	1.47	178.65	0.46	179.86	2.30	161.61
95837	-0.32	179.84	1.45	179.78	0.46	179.86	2.30	178.88
95937	-0.32	-179.93	-2.15	-160.73	0.47	179.86	2.31	179.81
96037	-0.29	-179.93	-2.12	-178.91	0.47	179.63	2.31	179.64
96138	-0.30	-179.93	-2.13	-179.88	0.47	179.86	2.31	179.85
96238	-0.33	-179.93	-2.16	-179.93	0.48	-179.92	-1.28	-160.82
96338	-0.31	-179.93	-2.14	-179.93	0.48	179.86	2.32	161.81
96438	-0.28	-179.93	-2.11	-179.93	0.47	-179.92	-1.29	-161.85
96537	-0.30	-179.71	-2.13	-179.72	0.48	179.86	2.32	161.83
96637	-0.33	-179.93	-2.16	-179.92	0.47	-179.92	-1.29	-161.92
96736	-0.32	-179.71	-2.14	-179.72	0.47	-179.92	-1.29	-178.97
96837	-0.29	-179.71	-2.11	-179.71	0.45	179.86	2.29	161.04
96936	-0.30	-179.93	-2.13	-179.92	0.45	179.41	2.29	178.45
97037	-0.32	-179.93	-2.15	-179.93	0.47	179.86	2.32	179.79
97136	-0.32	-179.93	-2.14	-179.93	0.47	-179.92	-1.29	-161.16
97238	-0.29	-179.71	-2.11	-179.72	0.47	179.41	2.31	161.69
97337	-0.31	-179.93	-2.13	-179.92	0.48	-179.92	-1.28	-162.17
97437	-0.33	-179.93	-2.16	-179.93	0.47	179.86	2.31	162.13
97538	-0.32	-179.93	-2.15	-179.93	0.48	179.86	2.32	178.94
97636	-0.30	-179.93	-2.13	-179.93	0.48	179.63	2.32	179.60
97736	-0.31	-179.71	-2.14	-179.72	0.49	179.63	2.33	179.63
97836	-0.33	179.85	1.44	161.35	0.49	179.86	2.34	179.85
97935	-0.30	-179.93	-2.13	-162.41	0.49	-179.92	-1.27	-161.44
98034	-0.31	-179.93	-2.14	-179.03	0.49	179.86	2.33	162.37
98136	-0.34	-179.71	-2.16	-179.67	0.50	179.86	2.34	178.96
98234	-0.33	179.85	1.44	161.49	0.49	179.86	2.33	179.81
98335	-0.30	-179.71	-2.12	-162.32	0.50	179.86	2.34	179.86
98435	-0.30	-179.93	-2.13	-179.03	0.50	179.63	2.34	179.65
98536	-0.31	-179.93	-2.14	-179.89	0.50	-179.92	-1.26	-161.67
98635	-0.33	-179.71	-2.15	-179.72	0.51	179.63	2.35	162.34
98737	-0.31	-179.93	-2.14	-179.92	0.49	179.64	2.33	178.76
98837	-0.30	179.84	1.47	161.69	0.50	179.63	2.34	179.59
98937	-0.32	-179.93	-2.15	-162.72	0.50	179.86	2.34	179.85
99037	-0.34	-179.71	-2.17	-178.85	0.50	179.86	2.34	179.86
99138	-0.32	179.85	1.45	161.85	0.50	179.63	2.35	179.65
99237	-0.30	-179.93	-2.13	-162.81	0.50	179.86	2.35	179.85
99339	-0.32	-179.93	-2.15	-179.08	0.50	179.86	2.35	179.86
99439	-0.33	179.85	1.44	161.94	0.51	179.86	2.35	179.86
99539	-0.31	-179.93	-2.13	-162.90	0.50	179.86	2.35	179.86
99639	-0.29	179.85	1.48	162.81	0.50	179.64	2.34	179.65
99739	-0.31	179.85	1.46	179.00	0.51	179.63	2.35	179.64
99838	-0.32	-179.93	-2.15	-162.16	0.52	179.86	2.36	179.85
99939	-0.26	-179.93	-2.09	-179.05	0.51	-179.92	-1.25	-162.14
100039	-0.28	179.85	1.50	162.14	0.51	179.64	2.35	162.78
100140	-0.28	-179.71	-2.10	-162.88	0.52	179.86	2.36	179.02
100239	-0.27	-179.93	-2.10	-179.09	0.53	179.64	2.37	179.61
100338	-0.27	-179.93	-2.09	-179.89	0.52	179.86	2.37	179.85
100439	-0.24	-179.93	-2.06	-179.93	0.52	179.63	2.36	179.64
100537	-0.28	-179.93	-2.10	-179.93	0.52	-179.92	-1.23	-162.35
100638	-0.29	179.85	1.49	162.30	0.53	179.86	2.37	163.17
100739	-0.25	-179.93	-2.07	-163.27	0.52	179.86	2.37	179.05
100839	-0.25	-179.93	-2.07	-179.12	0.53	179.86	2.37	179.82
100939	-0.26	-179.93	-2.09	-179.89	0.53	179.64	2.38	179.65
101039	-0.27	179.85	1.50	162.43	0.53	179.86	2.37	179.85
101139	-0.24	-179.48	-2.06	-162.96	0.52	179.86	2.36	179.86
101238	-0.23	-179.93	-2.05	-179.11	0.52	179.86	2.36	179.86
101340	-0.25	179.62	1.52	162.35	0.53	179.63	2.37	179.65
101439	-0.25	-179.71	-2.07	-163.27	0.53	179.86	2.37	179.85
101540	-0.22	-179.48	-2.04	-178.70	0.52	179.86	2.36	179.86
101641	-0.22	179.84	1.55	162.68	0.52	179.86	2.36	179.86
101741	-0.25	-179.93	-2.07	-163.56	0.54	179.63	2.38	179.65
101841	-0.26	-179.71	-2.08	-178.94	0.54	179.86	2.38	179.85
101940	-0.23	-179.93	-2.05	-179.88	0.53	179.63	2.37	179.64
102040	-0.22	-179.93	-2.04	-179.93	0.54	-179.92	-1.21	-162.83
102139	-0.25	-179.93	-2.07	-179.93	0.54	179.63	2.39	163.39
102240	-0.25	-179.93	-2.07	-179.93	0.55	179.63	2.40	178.87
102340	-0.22	-179.93	-2.04	-179.93	0.54	179.63	2.39	179.60
102439	-0.23	179.85	1.55	162.88	0.54	-179.92	-1.21	-162.96
102539	-0.23	179.85	1.55	179.05	0.55	179.86	2.40	163.72
102638	-0.20	179.85	1.58	179.81	0.56	179.86	2.40	179.10
102739	-0.20	179.85	1.58	179.84	0.56	179.86	2.41	179.82
102838	-0.22	-179.93	-2.04	-163.09	0.58	-179.92	-1.17	-163.08
102939	-0.23	-179.93	-2.05	-179.14	0.59	179.63	2.44	163.62
103040	-0.21	-179.93	-2.03	-179.89	0.60	179.86	2.45	179.10
103139	-0.19	-179.93	-2.01	-179.93	0.60	179.86	2.45	179.82
103239	-0.22	-179.93	-2.04	-179.93	0.61	179.86	2.46	179.86
103339	-0.23	-179.71	-2.04	-179.72	0.62	179.86	2.47	179.86
103438	-0.20	-179.93	-2.02	-179.92	0.61	179.86	2.46	179.86
103537	-0.21	-179.71	-2.02	-179.72	0.61	-179.92	-1.13	-163.29
103639	-0.23	-179.93	-2.05	-179.92	0.62	179.86	2.47	164.03
103738	-0.24	-179.93	-2.06	-179.93	0.62	179.63	2.48	178.92
103838	-0.22	-179.71	-2.03	-179.72	0.62	179.63	2.47	179.60
103939	-0.22	-179.93	-2.04	-179.92	0.63	179.63	2.48	179.63
104038	-0.25	179.62	1.52	163.16	0.64	179.64	2.49	179.64
104138	-0.25	-179.71	-2.07	-164.03	0.64	179.63	2.49	179.63
104238	-0.23	-179.71	-2.05	-178.99	0.63	179.41	2.48	179.42
104339	-0.23	-179.93	-2.05	-179.89	0.64	179.63	2.50	179.63
104438	-0.25	-179.93	-2.07	-179.93	0.65	179.86	2.51	179.85
104540	-0.25	-179.93	-2.07	-179.93	0.66	179.41	2.51	179.43
104640	-0.23	-179.93	-2.05	-179.93	0.66	179.63	2.51	179.63
104739	-0.23	179.85	1.55	163.58	0.66	-179.69	-1.08	-163.45
104840	-0.25	179.85	1.53	179.11	0.67	-179.92	-1.07	-179.17
104939	-0.24	179.85	1.54	179.81	0.68	179.63	2.53	163.47
105040	-0.20	-179.93	-2.02	-163.75	0.66	179.86	2.52	179.12
105140	-0.20	-179.93	-2.02	-179.20	0.67	179.86	2.53	179.83
105241	-0.22	179.85	1.56	163.76	0.68	179.86	2.54	179.86
105340	-0.22	179.85	1.56	179.13	0.68	179.63	2.54	179.64
105441	-0.19	-179.71	-2.01	-163.69	0.68	179.63	2.54	179.64
105541	-0.20	-179.93	-2.02	-179.21	0.68	179.63	2.54	179.63
105640	-0.23	-179.93	-2.05	-179.90	0.70	179.64	2.56	179.64
105740	-0.24	-179.93	-2.06	-179.93	0.71	179.86	2.57	179.85
105839	-0.21	179.85	1.57	163.90	0.70	179.86	2.56	179.86
105940	-0.22	-179.93	-2.04	-164.72	0.71	179.64	2.57	179.65
106039	-0.25	-179.93	-2.07	-179.26	0.72	179.63	2.58	179.64
106140	-0.22	-179.93	-2.04	-179.90	0.71	179.63	2.57	179.63
106241	-0.19	-179.93	-2.00	-179.93	0.71	179.63	2.57	179.63
106340	-0.21	-179.93	-2.03	-179.93	0.72	179.63	2.58	179.63
106440	-0.23	-179.93	-2.05	-179.93	0.73	179.86	2.60	179.85
106540	-0.21	-179.71	-2.03	-179.72	0.73	179.86	2.60	179.86
106640	-0.19	-179.93	-2.01	-179.92	0.72	-179.92	-1.02	-164.20
106739	-0.21	179.85	1.57	164.16	0.73	-179.92	-1.00	-179.23
106841	-0.23	-179.93	-2.05	-164.95	0.74	179.86	2.60	164.23
106941	-0.22	-179.93	-2.04	-179.28	0.74	179.64	2.60	178.97
107041	-0.20	-179.93	-2.01	-179.90	0.74	179.63	2.60	179.60
107142	-0.21	-179.93	-2.03	-179.93	0.74	179.63	2.60	179.63
107241	-0.24	-179.93	-2.06	-179.93	0.75	179.86	2.62	179.85
107341	-0.21	179.85	1.57	164.33	0.75	179.63	2.61	179.64
107441	-0.18	-179.93	-2.00	-165.10	0.74	179.63	2.60	179.63
107542	-0.19	-179.93	-2.01	-179.29	0.74	179.63	2.60	179.63
107641	-0.22	179.85	1.56	164.43	0.74	179.64	2.61	179.64
107743	-0.21	-179.71	-2.03	-164.97	0.74	179.64	2.61	179.64
107843	-0.19	-179.93	-2.01	-179.29	0.74	179.64	2.60	179.64
107942	-0.21	-179.93	-2.03	-179.90	0.74	179.63	2.61	179.64
108042	-0.23	-179.93	-2.05	-179.93	0.75	179.63	2.61	179.64
108141	-0.21	-179.93	-2.03	-179.93	0.74	179.63	2.61	179.63
108242	-0.18	-179.71	-2.00	-179.72	0.74	179.19	2.60	179.21
108342	-0.21	-179.93	-2.03	-179.92	0.75	179.41	2.61	179.40
108442	-0.23	-179.93	-2.05	-179.93	0.75	179.86	2.61	179.84
108542	-0.20	-179.93	-2.02	-179.93	0.76	179.86	2.63	179.86
108641	-0.18	179.85	1.60	164.68	0.76	179.86	2.63	179.86
108741	-0.20	179.85	1.58	179.21	0.76	-179.92	-0.97	-164.78
108840	-0.22	-179.93	-2.04	-164.84	0.77	179.64	2.63	165.17
108941	-0.20	-179.93	-2.02	-179.30	0.75	179.63	2.62	179.03
109040	-0.18	-179.93	-2.00	-179.90	0.75	179.63	2.61	179.61
109142	-0.21	179.85	1.58	164.81	0.75	179.63	2.62	179.63
109241	-0.23	179.85	1.55	179.22	0.75	179.86	2.62	179.85
109341	-0.20	179.84	1.58	179.82	0.75	179.63	2.62	179.64
109442	-0.18	-179.93	-1.99	-164.97	0.75	-179.92	-0.99	-164.97
109540	-0.20	-179.93	-2.02	-179.31	0.75	179.64	2.61	165.34
109640	-0.22	179.85	1.56	164.97	0.75	179.86	2.62	179.26
109740	-0.19	-179.71	-2.00	-165.45	0.75	179.86	2.61	179.83
109840	-0.17	-179.93	-1.98	-179.33	0.75	179.63	2.62	179.64
109939	-0.19	179.84	1.60	165.04	0.76	179.86	2.63	179.85
110041	-0.21	-179.93	-2.02	-165.74	0.76	179.41	2.62	179.43
110141	-0.18	179.85	1.60	165.65	0.77	-179.92	-0.97	-165.16
110241	-0.17	-179.93	-1.98	-165.76	0.75	179.86	2.62	165.71
110342	-0.19	179.85	1.59	165.70	0.76	179.86	2.62	179.28
110441	-0.21	179.85	1.57	179.27	0.76	179.86	2.63	179.84
110541	-0.18	-179.93	-2.00	-165.28	0.76	179.64	2.62	179.64
110641	-0.18	-179.93	-2.00	-179.33	0.76	179.63	2.63	179.64
110742	-0.20	-179.71	-2.02	-179.69	0.77	179.86	2.64	179.85
110841	-0.22	179.85	1.56	165.26	0.77	179.86	2.64	179.86
110943	-0.19	-179.93	-2.01	-165.95	0.77	179.86	2.64	179.86
111043	-0.18	-179.71	-1.99	-179.15	0.76	179.63	2.63	179.64
111143	-0.21	-179.71	-2.03	-179.69	0.77	179.63	2.63	179.64
111243	-0.21	-179.93	-2.02	-179.92	0.77	179.63	2.63	179.63
111342	-0.18	-179.93	-1.99	-179.93	0.77	-179.92	-0.96	-165.45
111442	-0.18	-179.93	-1.99	-179.93	0.77	179.64	2.63	165.78
111541	-0.20	-179.93	-2.01	-179.93	0.78	179.64	2.64	179.08
111642	-0.20	-179.93	-2.02	-179.93	0.78	179.86	2.64	179.83
111742	-0.17	-179.71	-1.99	-179.71	0.78	179.41	2.65	179.43
111842	-0.17	179.85	1.61	165.51	0.77	179.63	2.64	179.63
111942	-0.21	179.85	1.57	179.27	0.78	179.63	2.65	179.63
112041	-0.21	-179.93	-2.03	-165.66	0.78	179.86	2.65	179.85
112141	-0.19	-179.71	-2.00	-179.15	0.77	179.86	2.64	179.86
112240	-0.19	-179.93	-2.00	-179.90	0.78	-179.92	-0.95	-165.67
112342	-0.22	-179.93	-2.04	-179.93	0.79	179.86	2.66	166.20
112441	-0.22	-179.93	-2.04	-179.93	0.79	179.86	2.66	179.32
112541	-0.20	179.84	1.58	165.67	0.79	-179.92	-0.94	-165.76
112642	-0.19	179.85	1.59	179.29	0.78	179.86	2.65	166.26
112740	-0.21	-179.93	-2.03	-165.83	0.78	179.86	2.65	179.32
112840	-0.19	-179.93	-2.01	-179.38	0.78	179.86	2.65	179.84
112940	-0.18	-179.93	-2.00	-179.91	0.76	179.86	2.63	179.86
113040	-0.21	-179.71	-2.02	-179.72	0.78	179.41	2.64	179.43
113140	-0.22	-179.93	-2.04	-179.92	0.78	179.86	2.65	179.84
113241	-0.19	-179.93	-2.01	-179.93	0.77	179.63	2.64	179.64
113341	-0.18	-179.71	-1.99	-179.72	0.77	179.64	2.64	179.64
113440	-0.19	179.85	1.60	165.89	0.78	179.86	2.64	179.85
113541	-0.21	-179.71	-2.02	-166.32	0.78	179.41	2.64	179.43
113640	-0.16	-179.48	-1.96	-178.97	0.77	179.41	2.63	179.41
113741	-0.16	-179.93	-1.97	-179.89	0.77	179.86	2.64	179.84
113841	-0.20	-179.93	-2.01	-179.93	0.78	179.63	2.65	179.64
113942	-0.22	-179.71	-2.04	-179.72	0.78	179.41	2.65	179.42
114042	-0.24	-179.93	-2.06	-179.92	0.78	179.86	2.65	179.84
114143	-0.22	-179.93	-2.04	-179.93	0.78	-179.92	-0.95	-166.12
114243	-0.20	-179.93	-2.02	-179.93	0.77	179.86	2.64	166.61
114342	-0.25	-179.93	-2.07	-179.93	0.78	179.86	2.65	179.35
114442	-0.21	-179.93	-2.02	-179.93	0.78	179.63	2.65	179.62
114541	-0.22	-179.71	-2.04	-179.71	0.77	179.63	2.64	179.63
114642	-0.24	-179.93	-2.06	-179.92	0.77	179.64	2.64	179.64
114742	-0.23	-179.93	-2.05	-179.93	0.77	179.63	2.64	179.63
114841	-0.20	179.85	1.58	166.21	0.76	179.86	2.63	179.85
114941	-0.21	179.85	1.57	179.33	0.76	179.86	2.63	179.86
115040	-0.22	-179.93	-2.04	-166.36	0.76	179.63	2.62	179.64
115141	-0.23	-179.71	-2.05	-179.20	0.76	179.41	2.62	179.42
115240	-0.19	-179.93	-2.01	-179.90	0.75	179.86	2.62	179.84
115341	-0.22	179.85	1.56	166.33	0.75	179.64	2.61	179.64
115441	-0.24	-179.93	-2.06	-166.94	0.77	179.63	2.64	179.63
115542	-0.24	-179.93	-2.06	-179.44	0.76	179.86	2.62	179.85
115641	-0.21	-179.93	-2.03	-179.91	0.76	179.63	2.63	179.64
115740	-0.22	-179.71	-2.04	-179.72	0.76	179.64	2.62	179.64
115841	-0.25	179.85	1.53	166.44	0.76	179.63	2.63	179.64
115939	-0.24	179.85	1.54	179.35	0.76	179.86	2.63	179.85
116040	-0.22	-179.93	-2.04	-166.58	0.75	179.86	2.61	179.86
116141	-0.24	-179.93	-2.06	-179.44	0.75	179.63	2.61	179.64
116240	-0.26	-179.93	-2.08	-179.91	0.76	179.86	2.62	179.85
116340	-0.26	-179.93	-2.08	-179.93	0.76	179.86	2.62	179.86
116440	-0.24	-179.93	-2.06	-179.93	0.75	179.63	2.62	179.64
116541	-0.24	179.62	1.53	166.38	0.76	179.86	2.63	179.85
116640	-0.27	-179.93	-2.09	-167.20	0.78	179.86	2.64	179.86
116742	-0.26	179.85	1.51	167.10	0.78	179.86	2.65	179.86
116842	-0.24	179.85	1.54	179.38	0.77	179.86	2.64	179.86
116942	-0.25	-179.93	-2.07	-166.78	0.78	179.64	2.65	179.64
117043	-0.27	-179.93	-2.09	-179.45	0.79	179.86	2.66	179.85
117142	-0.27	-179.71	-2.09	-179.70	0.77	179.63	2.64	179.64
117242	-0.25	-179.93	-2.07	-179.92	0.77	179.86	2.64	179.85
117342	-0.29	179.85	1.49	166.77	0.79	179.86	2.66	179.86
117443	-0.31	-179.71	-2.13	-167.13	0.79	179.64	2.66	179.64
117542	-0.29	-179.71	-2.11	-179.25	0.80	179.63	2.67	179.63
117643	-0.26	-179.93	-2.08	-179.90	0.79	179.64	2.65	179.64
117743	-0.28	-179.93	-2.11	-179.93	0.80	179.63	2.67	179.63
117842	-0.30	-179.93	-2.12	-179.93	0.80	179.86	2.67	179.85
117942	-0.28	179.85	1.50	166.89	0.79	179.86	2.66	179.86
118041	-0.25	-179.93	-2.08	-167.46	0.79	179.86	2.66	179.86
118142	-0.27	179.85	1.50	167.38	0.80	179.63	2.67	179.64
118241	-0.30	-179.93	-2.13	-167.49	0.81	179.86	2.68	179.85
118342	-0.27	-179.71	-2.09	-179.27	0.81	179.86	2.68	179.86
118443	-0.24	-179.93	-2.07	-179.91	0.79	179.86	2.66	179.86
118542	-0.25	179.85	1.53	167.02	0.80	179.64	2.67	179.64
118642	-0.26	179.85	1.52	179.39	0.80	179.63	2.67	179.64
118742	-0.25	179.85	1.53	179.83	0.80	179.86	2.67	179.85
118841	-0.22	-179.93	-2.04	-167.17	0.80	179.86	2.67	179.86
118940	-0.23	-179.71	-2.05	-179.26	0.80	179.41	2.67	179.43
119042	-0.25	-179.93	-2.08	-179.91	0.81	179.63	2.68	179.63
119141	-0.23	-179.93	-2.05	-179.93	0.81	179.63	2.68	179.63
119241	-0.21	-179.93	-2.03	-179.93	0.80	179.63	2.66	179.63
119342	-0.24	179.85	1.54	167.18	0.81	179.86	2.68	179.85
119441	-0.25	-179.93	-2.07	-167.74	0.81	179.41	2.68	179.43
119541	-0.22	-179.93	-2.04	-179.50	0.79	179.86	2.66	179.84
119641	-0.20	-179.93	-2.01	-179.92	0.81	179.41	2.67	179.43
119742	-0.21	-179.93	-2.03	-179.93	0.82	179.63	2.69	179.63
119842	-0.26	-179.93	-2.08	-179.93	0.84	179.86	2.71	179.85
119943	-0.21	-179.71	-2.02	-179.71	0.83	179.86	2.70	179.86
120043	-0.20	-179.93	-2.02	-179.92	0.84	179.64	2.71	179.64
120142	-0.23	-179.93	-2.05	-179.93	0.84	179.86	2.71	179.85
120243	-0.24	179.85	1.54	167.37	0.84	179.86	2.72	179.86
120342	-0.23	-179.93	-2.04	-167.91	0.84	179.64	2.71	179.64
120443	-0.22	-179.93	-2.04	-179.51	0.83	179.64	2.70	179.64
120543	-0.25	-179.93	-2.07	-179.92	0.84	179.64	2.71	179.64
120643	-0.26	179.85	1.52	167.45	0.85	179.63	2.72	179.64
120743	-0.22	179.84	1.56	179.42	0.83	179.63	2.70	179.63
120843	-0.22	-179.93	-2.03	-167.59	0.83	179.86	2.71	179.85
120943	-0.24	-179.93	-2.06	-179.51	0.83	179.86	2.71	179.86
121042	-0.24	-179.93	-2.06	-179.92	0.83	179.64	2.70	179.64
121143	-0.21	-179.93	-2.03	-179.93	0.83	179.63	2.70	179.64
121242	-0.21	179.85	1.57	167.57	0.83	179.63	2.70	179.63
121344	-0.24	179.85	1.54	179.43	0.83	-179.92	-0.89	-167.67
121443	-0.25	-179.93	-2.07	-167.71	0.85	179.63	2.72	167.82
121543	-0.22	179.85	1.56	168.04	0.83	179.86	2.70	179.45
121644	-0.21	179.85	1.57	179.45	0.83	179.41	2.70	179.41
121742	-0.23	-179.93	-2.05	-167.76	0.84	179.86	2.72	179.84
121842	-0.24	179.85	1.53	168.09	0.84	179.86	2.72	179.86
121942	-0.21	-179.93	-2.03	-168.18	0.84	179.63	2.71	179.64
122042	-0.21	179.85	1.57	168.12	0.84	179.86	2.71	179.85
122141	-0.23	179.85	1.55	179.45	0.85	179.86	2.72	179.86
122243	-0.24	179.85	1.54	179.83	0.86	179.86	2.73	179.86
122343	-0.22	-179.71	-2.04	-167.65	0.85	179.63	2.72	179.64
122443	-0.21	-179.93	-2.02	-179.52	0.85	179.86	2.72	179.85
122544	-0.23	179.62	1.54	167.61	0.85	179.63	2.72	179.64
122643	-0.24	179.85	1.54	179.44	0.85	179.41	2.72	179.42
122743	-0.20	-179.93	-2.02	-167.95	0.86	179.86	2.73	179.84
122843	-0.20	-179.93	-2.01	-179.53	0.86	179.63	2.73	179.64
122943	-0.22	179.84	1.56	167.91	0.88	179.86	2.75	179.85
123042	-0.22	-179.93	-2.03	-168.39	0.88	179.86	2.75	179.86
123144	-0.18	-179.93	-2.00	-179.55	0.86	179.41	2.73	179.42
123244	-0.17	179.85	1.61	167.96	0.87	-179.92	-0.85	-168.04
123344	-0.21	-179.71	-2.03	-168.23	0.87	179.64	2.75	168.16
123445	-0.21	-179.93	-2.02	-179.55	0.87	179.42	2.75	179.04
123544	-0.17	-179.93	-1.99	-179.92	0.87	179.41	2.75	179.40
123644	-0.18	-179.93	-1.99	-179.93	0.87	179.86	2.74	179.84
123743	-0.20	-179.93	-2.02	-179.93	0.87	179.86	2.75	179.86
123844	-0.20	-179.93	-2.01	-179.93	0.87	179.41	2.74	179.43
123944	-0.18	-179.93	-1.99	-179.93	0.86	179.63	2.73	179.63
124044	-0.17	179.85	1.61	168.10	0.87	-179.92	-0.86	-168.18
124144	-0.19	-179.93	-2.01	-168.59	0.87	179.64	2.75	168.30
124243	-0.19	179.84	1.59	168.50	0.87	179.86	2.75	179.48
124343	-0.19	-179.71	-2.00	-168.39	0.89	179.41	2.76	179.42
124442	-0.22	-179.93	-2.04	-179.56	0.89	179.63	2.76	179.63
124544	-0.25	-179.71	-2.07	-179.70	0.90	179.86	2.78	179.85
124642	-0.22	-179.93	-2.04	-179.92	0.90	179.86	2.78	179.86
124743	-0.21	179.85	1.57	168.23	0.89	179.64	2.77	179.64
124844	-0.24	-179.93	-2.06	-168.71	0.91	179.63	2.79	179.64
124943	-0.24	-179.93	-2.06	-179.57	0.91	179.86	2.79	179.85
125043	-0.20	-179.93	-2.02	-179.92	0.90	179.63	2.77	179.64
125143	-0.20	-179.93	-2.01	-179.93	1.16	-178.81	-0.53	-167.29
125242	-0.23	179.62	1.55	168.10	1.06	179.18	2.94	168.08
125341	-0.08	-179.71	-1.88	-168.57	1.02	179.64	2.90	179.26
125443	0.11	-179.48	-1.67	-179.13	1.04	-179.47	-0.67	-168.01
125543	-0.12	179.62	1.67	168.17	1.06	179.63	2.95	168.55
125643	-0.19	-179.93	-2.01	-168.85	1.08	179.64	2.98	179.28
125744	-0.05	-179.71	-1.85	-179.36	1.08	179.86	2.97	179.84
125844	-0.00	-179.93	-1.80	-179.91	1.07	179.64	2.96	179.64
125944	-0.08	-179.93	-1.89	-179.93	1.07	179.86	2.96	179.85
126044	0.30	-179.27	-1.47	-179.28	1.07	-179.48	-0.63	-168.10
126144	0.53	179.84	2.37	168.50	0.89	178.96	2.76	167.99
126243	0.29	179.62	2.11	179.26	1.02	-179.92	-0.69	-168.94
126345	0.01	-179.93	-1.78	-168.62	1.10	-179.92	-0.60	-179.57
126444	0.20	-179.71	-1.58	-179.35	1.03	179.19	2.92	167.90
126545	0.30	-179.93	-1.47	-179.91	0.80	-179.26	-0.93	-168.36
126645	-0.08	179.39	1.70	168.11	0.77	179.18	2.63	168.28
126745	-0.05	-179.49	-1.85	-168.60	0.82	179.42	2.68	179.07
126845	0.25	-179.48	-1.52	-179.13	0.80	-179.69	-0.93	-168.48
126945	0.23	179.85	2.05	168.64	0.75	-179.92	-0.98	-179.56
127045	0.14	-179.93	-1.64	-169.07	0.79	179.41	2.65	168.22
127144	0.18	-179.71	-1.60	-179.37	0.77	179.63	2.64	179.28
127244	0.28	-179.93	-1.49	-179.91	0.77	179.63	2.63	179.62
127343	0.24	-179.93	-1.54	-179.93	0.75	179.64	2.62	179.64
127444	0.14	179.85	1.95	168.70	0.77	179.63	2.64	179.64
127544	0.17	179.85	1.98	179.50	0.77	-179.92	-0.96	-168.80
127644	0.21	-179.71	-1.57	-168.61	0.75	179.63	2.61	168.87
127745	0.20	-179.93	-1.58	-179.58	0.77	179.86	2.64	179.52
127844	0.18	-179.93	-1.61	-179.92	0.78	179.41	2.64	179.41
127944	0.18	-179.71	-1.60	-179.71	0.79	179.86	2.65	179.85
128044	0.21	179.85	2.03	168.81	0.78	179.64	2.64	179.64
128143	0.21	179.85	2.03	179.51	0.78	179.86	2.65	179.85
128242	0.21	179.62	2.02	179.62	0.79	179.86	2.66	179.86
128344	0.20	179.84	2.02	179.84	0.78	179.86	2.65	179.86
128442	0.21	-179.93	-1.57	-168.95	0.78	179.63	2.65	179.64
128543	0.21	-179.93	-1.57	-179.60	0.78	-179.92	-0.95	-168.96
128644	0.20	-179.71	-1.58	-179.70	0.78	179.86	2.64	169.25
128744	0.17	179.85	1.99	168.92	0.78	179.86	2.65	179.54
128844	0.18	-179.93	-1.61	-169.35	0.78	179.63	2.65	179.63
128945	0.20	-179.71	-1.58	-179.39	0.77	179.63	2.63	179.63
129045	0.20	-179.93	-1.58	-179.91	0.78	179.86	2.64	179.85
129144	0.19	-179.71	-1.59	-179.71	0.77	179.64	2.63	179.64
