5301	-0.01	179.58	1.79	4.58	-0.19	179.62	1.59	4.40
5402	0.05	-179.75	-1.74	-1.11	-0.12	178.50	1.65	9.89
5502	0.04	179.36	1.84	5.53	-0.21	178.27	1.55	16.00
5602	-0.04	179.81	1.76	12.86	-0.38	178.95	1.38	22.77
5701	-0.10	-179.75	-1.91	3.52	-0.71	178.73	1.02	29.97
5803	-0.16	-178.65	-1.96	-6.34	-1.03	177.64	0.65	37.61
5902	-0.64	178.92	1.09	4.21	-2.45	177.61	-0.89	44.60
6001	-1.59	177.58	0.05	14.57	-6.03	175.61	-4.81	49.75
6102	-2.74	175.92	-1.22	24.84	-11.03	173.47	-10.27	53.80
6201	-4.16	177.00	-2.76	35.01	-16.80	167.89	-16.61	57.07
6300	-6.72	179.79	-5.52	44.33	-25.01	158.61	-25.65	57.72
6402	-8.86	178.74	-7.86	53.88	-34.72	147.22	-36.33	56.50
6500	-10.30	171.28	-9.50	63.20	-45.04	139.76	-47.66	54.64
6601	-10.63	177.66	-9.80	73.81	-53.73	130.29	-57.21	53.99
6701	-10.66	-177.11	-13.38	48.71	-62.04	118.64	-66.38	52.97
6800	-9.73	-172.29	-12.32	26.47	-69.55	108.91	-74.65	52.09
6899	-8.31	-159.33	-10.64	7.51	-76.00	103.98	-81.73	51.98
7001	-6.37	-179.77	-8.73	-11.96	-83.34	98.12	-89.78	50.70
7100	-6.46	-103.60	-8.07	-22.80	-88.46	91.02	-95.42	50.92
7200	-6.68	-89.25	-8.17	-31.08	-92.49	89.92	-99.82	52.12
7301	-6.44	-49.01	-7.51	-33.13	-94.35	85.86	-101.89	54.74
7400	-6.72	-34.52	-7.66	-33.55	-95.47	84.27	-103.12	57.60
7501	-6.64	-33.02	-7.56	-33.41	-95.37	84.09	-103.01	61.23
7601	-6.59	-60.25	-7.78	-37.06	-93.86	86.19	-101.35	65.96
7702	-6.64	-94.16	-8.17	-45.19	-79.16	90.52	-85.30	82.06
7802	-6.65	-156.89	-8.81	-61.47	-69.14	107.60	-74.22	94.34
7903	-6.20	-171.71	-8.47	-77.56	-59.48	115.95	-63.61	105.79
8003	-5.12	-169.32	-7.27	-90.71	-49.29	122.73	-52.45	117.01
8103	-3.57	-170.79	-5.59	-101.98	-37.99	134.66	-40.02	129.31
8203	-3.58	-176.85	-5.67	-114.04	-27.63	142.46	-28.67	140.11
8303	-3.91	-176.62	-6.02	-124.61	-17.25	155.23	-17.23	151.28
8402	-5.21	-174.83	-7.42	-134.15	-8.08	169.64	-7.11	161.99
8502	-6.52	-177.49	-8.87	-142.69	-3.34	-176.12	-5.40	107.74
8601	-6.52	-177.60	-8.88	-148.83	-1.65	-177.35	-3.57	59.02
8701	-6.30	-177.03	-8.63	-153.71	-1.23	-179.26	-3.14	16.60
8801	-6.38	-178.20	-8.73	-158.26	-1.25	-178.16	-3.14	-19.07
8900	-6.32	-176.40	-8.64	-161.59	-0.63	-178.82	-2.47	-48.40
9001	-6.26	-176.65	-8.59	-164.42	-0.21	-178.83	-2.02	-72.89
9100	-6.06	-177.05	-8.37	-166.70	0.78	179.84	2.64	-23.07
9201	-5.22	-175.50	-7.44	-167.76	5.29	178.94	7.55	20.46
9300	-4.05	175.59	-2.66	-97.78	16.17	174.40	19.36	60.11
9400	-5.08	-171.52	-7.25	-113.69	32.10	-166.62	33.29	26.37
9500	-4.13	-170.53	-6.21	-124.77	52.87	-140.04	56.17	8.17
9601	-1.41	-178.13	-3.32	-133.92	72.03	-103.65	77.41	-0.40
9700	0.19	-135.81	-1.15	-133.07	83.71	-93.42	90.22	-11.25
9799	0.79	-87.62	-0.02	-122.66	88.65	-89.52	95.65	-24.50
9901	0.68	-80.53	-0.06	-113.39	89.90	-87.76	97.03	-37.59
9999	0.59	-70.75	-0.07	-103.84	90.55	-86.77	97.74	-48.18
10099	-0.17	-77.17	-0.96	-98.32	90.04	-87.95	97.18	-57.68
10200	-2.05	-88.58	-3.12	-97.50	87.57	-89.73	94.47	-67.03
10299	-4.56	-111.40	-6.08	-102.69	83.03	-96.06	89.46	-77.35
10399	-8.39	159.79	-7.54	-42.81	73.13	-93.62	78.70	-88.77
10499	-13.04	-162.31	-15.82	-75.32	59.55	-113.43	63.72	-105.04
10600	-18.95	-167.06	-22.30	-102.34	45.28	-122.96	48.08	-120.21
10700	-22.90	171.07	-23.23	-37.15	28.30	-140.15	29.42	-137.92
10800	-25.29	161.91	-25.92	11.35	12.43	-158.58	11.95	-155.00
10901	-26.89	167.74	-27.61	50.18	4.59	172.90	6.73	-76.92
11001	-26.53	174.07	-27.15	82.56	4.92	178.74	7.15	-10.41
11102	-26.84	177.35	-27.45	107.21	5.11	178.06	7.34	39.19
11202	-26.87	176.46	-27.50	125.59	4.91	-179.04	3.55	-18.94
11302	-26.77	178.26	-27.37	139.83	4.94	179.84	7.17	34.54
11402	-26.80	176.91	-27.41	149.90	4.92	-179.94	3.56	-23.84
11501	-26.64	175.56	-27.26	157.08	5.06	179.39	7.31	32.23
11601	-26.58	173.21	-27.21	161.62	4.43	178.92	6.62	72.64
11700	-26.83	175.15	-27.47	165.25	4.06	178.06	6.20	102.08
11801	-26.44	177.79	-27.01	169.11	4.16	179.84	6.33	124.31
11900	-26.43	175.51	-27.03	170.95	4.33	-179.71	2.91	36.85
12001	-26.27	176.41	-26.84	172.66	4.45	177.57	6.62	77.92
12101	-26.14	178.29	-26.68	174.41	4.34	179.41	6.52	107.71
12200	-26.11	175.97	-26.68	174.89	4.43	179.39	6.62	129.10
12300	-26.06	176.90	-26.61	175.53	4.45	-179.71	3.05	36.30
12399	-25.96	178.05	-26.49	176.37	4.45	-178.84	3.06	-29.01
12500	-25.75	178.26	-26.26	177.09	4.06	-179.94	2.63	-75.56
12599	-25.65	176.17	-26.17	176.88	4.43	-179.93	3.03	-107.63
12700	-25.63	176.91	-26.15	176.89	4.54	179.84	6.74	-17.66
12801	-25.64	176.92	-26.16	176.90	4.91	-179.71	3.55	-68.57
12900	-25.52	177.81	-26.02	177.27	4.86	179.62	7.08	10.50
13000	-25.42	176.66	-25.92	177.14	4.86	178.04	7.08	64.41
13100	-25.36	178.49	-25.83	177.62	5.06	-179.94	3.71	-14.80
13199	-25.21	175.05	-25.70	176.88	5.23	179.84	7.49	49.09
13298	-25.00	175.99	-25.46	176.73	5.28	-179.71	3.95	-26.52
13400	-24.99	176.00	-25.46	176.49	5.02	178.94	7.25	41.83
13498	-25.02	177.62	-25.47	176.85	5.18	178.53	7.42	87.93
13599	-25.12	175.71	-25.60	176.40	5.21	-179.48	3.88	-2.79
13699	-25.19	177.40	-25.66	176.70	5.27	178.97	7.53	59.45
13800	-25.32	174.73	-25.83	175.93	5.50	179.84	7.79	101.14
13899	-25.29	175.42	-25.78	175.78	5.22	179.40	7.48	128.19
14001	-25.18	177.32	-25.64	176.39	5.37	179.84	7.65	146.41
14101	-25.25	176.45	-25.73	176.37	5.31	178.27	7.57	157.64
14200	-25.25	174.77	-25.74	175.80	5.39	179.61	7.67	165.52
14301	-25.04	176.48	-25.50	176.17	5.43	179.40	7.70	170.53
14400	-24.95	176.48	-25.41	176.34	5.55	179.62	7.84	173.90
14501	-24.89	177.33	-25.33	176.74	5.77	-178.81	4.50	45.37
14602	-24.96	178.22	-25.40	177.24	5.68	178.94	7.98	94.41
14702	-24.79	177.16	-25.22	177.32	5.70	-179.49	4.41	-7.01
14802	-24.63	178.05	-25.04	177.69	6.00	-179.94	4.74	-71.33
14902	-24.61	176.14	-25.04	177.12	5.81	-179.02	4.54	-111.91
15002	-24.45	177.39	-24.85	177.33	5.94	-179.72	4.67	-137.50
15101	-24.47	176.90	-24.88	177.15	5.81	179.17	8.12	-16.87
15202	-24.47	177.59	-24.88	177.31	5.66	-179.94	4.37	-79.56
15301	-24.48	177.82	-24.88	177.50	5.75	178.29	8.05	20.16
15403	-24.58	178.92	-24.97	178.00	5.76	179.40	8.06	82.14
15502	-25.60	175.80	-26.12	176.51	6.45	177.16	8.79	119.79
15602	-25.96	177.79	-26.49	176.80	6.43	179.17	8.79	143.20
15703	-26.43	174.63	-27.03	175.65	6.86	-178.81	5.68	15.60
15801	-27.41	176.09	-28.09	175.24	7.38	179.84	9.84	81.56
15901	-28.05	174.59	-28.80	174.60	7.82	179.85	10.31	121.36
16001	-28.29	171.59	-29.09	173.24	8.53	-176.86	7.52	1.04
16101	-28.41	175.06	-29.19	173.91	8.74	-178.64	7.73	-72.04
16200	-28.84	169.16	-29.72	171.71	9.18	-176.19	8.23	-114.48
16302	-28.75	174.14	-29.57	172.76	9.31	-178.40	8.36	-140.77
16402	-28.90	171.19	-29.76	172.02	9.40	-177.65	8.46	-156.03
16501	-28.89	170.74	-29.76	171.49	9.46	-176.28	8.54	-164.45
